5
100
900830944
403872367
236767586
563169456
329985583
799244144
554198021
366427735
872078253
150699891
725814089
697409314
378529167
29785686
129245911
618371064
185915806
686803805
502754899
978719789
620040532
452283058
736762369
93380121
482204731
553679745
348448060
90467066
357954125
715165633
61083520
725119412
938199952
393546744
232953088
771130311
349790231
466350349
343504728
130405257
20743292
49585989
132528561
854043574
869972574
513755045
269898167
881527769
930292219
881358703
540236876
692114728
704127401
778266064
158309933
134828553
37777309
236815929
960690744
517867976
5911771
479316998
708421348
68663595
531748855
900599874
495186192
673576157
600761161
720138427
347274507
108767324
75705619
563876329
99745603
707625243
578552967
87240773
140723272
637744543
607562738
954846767
339916932
438382045
814740101
832001759
992404875
701709179
125952464
359145983
928311116
798172126
874291079
301505143
260673841
768520495
421810559
619915964
295384448
357217251
