5
100
482480701
697681568
153219328
652001608
292940155
427179669
923768605
336334672
188903987
61699397
699106227
348353325
617157398
115863292
115031695
41790430
635812303
143019418
322948456
538794491
790576495
605829000
734105025
228245982
890890975
915855602
294338514
726252789
164865142
892197579
613269535
110380240
289864451
239743796
82112071
563076177
43611697
604647123
25960918
895833905
364811672
60890398
193687121
987575750
49193025
503389941
24204677
177372306
773207863
274751807
868958451
636005091
857498368
712342881
752803201
853850415
528397178
911263258
447605724
170039435
996525894
940479522
794385383
246123856
516389405
678060779
300402823
422459286
591465914
940844120
673130060
380666578
303214970
230586869
292034796
794526399
962244051
614160082
936169499
212772668
906672922
678515354
738565207
461852747
105053274
859955481
341910241
170295402
925594954
203657669
570107844
269570377
863882134
199173042
636673963
540410795
773072214
139651598
336153091
472091632
