5
100
151232194
934109172
960995973
961340336
6616441
537888806
590842898
304349584
915875794
390339807
384833343
76741530
736559157
375991003
849915636
232118050
989115082
373508273
753196064
791673299
734796088
133299369
685516623
673223200
204922330
376315382
138591331
806317261
146012861
333958907
172408518
24305194
108957168
688177681
946547682
591838592
531808774
714125704
248883108
622266534
392107956
778370514
592210073
100455016
457111252
137633155
982975787
839151250
878293040
442942325
921456748
794522463
406254983
906290585
743184381
674777993
580621046
252990231
952792323
232323762
470551480
556427825
558277233
297915063
912247778
676062186
264107685
678085436
973490403
735558158
959353006
876003539
96883294
549118359
129707955
861221946
210167807
763875642
976023617
611518145
962397666
257085044
192487135
630400949
100022264
780816659
585319047
684608420
199479383
317114917
769117135
904170958
412606788
151438059
353152136
63546121
834757881
933808501
601599246
776122646
