5
100
274526192
121240168
320189666
930207080
115050016
661651856
415809764
798915136
618558346
301170095
111056309
182534448
60829806
300478451
259191061
908066093
943035718
238429449
297430795
366036849
472144826
559939381
307862045
783319933
232081140
786650712
808335989
924421819
946449135
176235049
321613285
605146810
649790063
205034920
925845429
407443185
755271628
162825865
14306289
889939858
7131211
307809818
32600900
42775361
409700930
752539446
634410490
935982225
838141563
311429480
404085441
684465972
294393280
731529625
780653684
53365558
263988435
104880133
391704025
427889447
520454957
41521472
546779016
593687921
430386723
274492123
72919410
670429872
173399810
207880696
366318263
580972549
549028332
830539056
495711587
204985788
269805115
391627591
675415730
867100204
470081880
149297962
660517718
473752522
140637608
414943555
344872227
946852371
831952274
389403057
635749696
784376789
955735871
93618436
951372089
316137002
862002808
897897973
473932886
314483491
