5
100
789148121
262978354
500213382
141739342
68133878
626145112
424367722
838949540
153373167
757075760
810843985
630482470
603794043
434001468
787980391
623736856
454011956
195448045
35003684
194824026
390746046
580389863
166679658
720876615
62376063
255236148
287436269
637651722
369741605
342972004
629782004
543222961
218228872
160160472
633846083
80176337
36836710
89325251
592107242
165358173
614410602
84080817
979992988
977961265
964906057
785552158
298932677
300940290
819993005
643206373
945912321
967787254
820159276
395783751
214827005
666223272
217109062
645464405
346652153
85779899
304503155
465805606
39531410
18237927
149522722
825047920
373413918
144075411
989276633
461435536
840637678
862866451
791043455
804284472
714309698
279929922
226082096
814678336
56636071
980795702
141934154
674532273
110962053
795561645
197583575
382997577
577570391
238672655
189718651
370035581
447901730
715843422
337519959
731057162
311922362
660212863
502052892
878280075
352131235
602138832
