5
100
837940923
679427058
770233627
797501604
524186196
315411982
216858461
374483467
25788369
18877503
652279280
298367281
77667069
975532832
716711370
93965467
705470400
70818510
185002433
935007225
37421035
182940084
221644623
540828528
846221201
929465528
587659300
706103949
972581050
159774051
564658713
920079375
407439306
367344253
338794028
931273704
988355231
407699341
600646278
424256616
322177221
9706614
741214411
160311593
684724574
961539919
86163607
562988973
18556409
296364067
527245495
846273265
19477558
659505824
484142028
542647307
776961609
925759393
81269719
829813106
34867681
329740230
135976983
442462565
81033218
809613911
702614366
258919906
769590597
258002102
87200192
80081134
484970782
619769775
519325605
172276782
602390377
554823007
883437664
684668174
987655225
343087858
147359293
94326568
706974929
631739438
726851026
538672987
869877810
766773706
35228619
755759205
72327597
817049195
370677385
536926172
957713116
876637896
133745116
377446153
