5
100
959801412
372378681
10207453
233639025
566984877
390004453
888850164
158253456
286100390
907167182
452738830
412364244
929733597
545072469
957144953
15668246
895740938
985678427
13814473
341937411
717768483
20003585
971865096
565032228
874916171
64054827
747903740
61799440
21678395
164453505
823410567
211669671
416219217
351507951
884213049
560526607
558132700
912723860
736559070
73706011
204967263
776869938
950849453
248343018
700534616
808657284
719975238
17485302
547440957
524822783
999281734
520863589
538348429
148405132
170606011
172167449
181991774
487597127
77813054
711108534
308323685
74172581
441029268
541155952
7872423
278203487
674687102
166158354
747937272
750901511
710166569
352287625
13759707
719227581
396691935
95327548
264456344
733348144
283403801
808923697
304805934
266711162
284597819
950523432
755108089
346890873
336191168
251430777
879845573
515989221
530788390
355444816
688109135
910492860
737042959
6572295
791137949
907526716
653448175
305971454
