5
100
963721353
179909049
731849872
850192231
901057611
411304590
568020529
82476808
348208755
418232890
303997900
200535628
291157774
370997289
293526338
679488917
356683316
451516979
141618987
639365263
768744480
193299816
280917218
280623685
846558801
126310483
565758566
994055002
536354342
17209515
622038686
186131446
653609051
660362624
6643471
283902435
480897320
29080050
781348778
96269740
406328986
116988407
341676339
943882042
71300893
965199818
72780880
52399275
39311498
789007103
43893684
94196553
594116237
196587331
785834364
915657603
27777752
537586420
979011883
179929215
888919374
819866955
73268291
685456313
653850111
775714010
546441188
196423998
937753357
557333564
313565916
958452423
322010218
971859452
162977661
640168371
449242912
689730148
286625019
671845235
191823097
828497767
96502961
199426717
659570338
691758157
174119262
496172950
176591302
93845739
943826367
27461095
177333826
181156565
914697657
890636234
204403305
898643840
623240019
139029736
