5
100
89603065
914513915
927996400
694403720
514800620
428803459
331520174
210135290
285939269
425399241
197902241
481350201
127304849
5700144
691606903
511119919
788148364
136026716
627454983
749994171
578418744
235838624
716695922
256024532
434871371
270842610
162494420
133632471
948003136
250816740
561000852
622882966
184711950
532633025
685627252
989643918
642023948
814516486
161553978
138982490
786447595
425035993
993146637
997460670
832111176
182611688
225559546
6381389
328661633
59835754
749481861
709554198
698016793
990253702
85641477
656523607
518629393
748800785
185187587
734059797
313660956
843272944
919544249
283060555
30224344
82958294
363950565
490106053
953355354
764328001
965751592
125115023
403407668
127717440
106194014
462297266
538783969
307175983
324518970
876190391
160857448
151281991
263327497
816060380
79106692
127276795
645620162
579002711
219997667
134118974
562384447
457963868
199913831
715980787
547750346
901712015
360816692
525248937
197339242
836379884
