5
100
577260055
398954440
535467346
579721690
755857199
661123185
117015344
241787328
978966102
978508513
99812294
207668556
494252867
783026135
121727711
478422201
1899184
68416423
990089383
258952270
278882360
115474668
255933864
470189592
298530716
641912017
278235109
751746269
826277859
80992950
605159731
281532999
620417001
309803115
791373906
390464580
144378596
470197312
274991549
707500594
540860218
237587176
923675826
997627621
908413787
152883297
708135903
785998840
326267706
898034870
959259932
765819186
925846059
59269133
780757036
324733162
460255903
480760510
412955905
873772938
492990690
805408398
858088451
847967848
142724239
999775730
494612222
507311085
535145568
798981006
501462868
682154116
411560296
228120026
340621005
695429051
845795588
327726780
194190586
35957781
836288842
142194955
115307832
708438837
366235799
539480427
765970369
55350301
449619574
386237152
973833476
407228184
790893089
765596310
434018994
66261721
722245015
857306782
138180895
631588118
