5
100
186600915
461735876
944810625
451502494
289042567
272579605
906627262
54674207
261628363
25705580
301343368
131144701
54636766
926985687
485692107
470955707
789605847
93708272
520845021
144861236
790903927
452765437
760782006
620478515
423669956
323622386
618274488
9637858
789246659
120651007
408973423
403468202
26445690
421715792
874316588
560540347
563477535
91173615
176129300
903545765
17103824
785681388
172285277
473149856
668156783
881861713
32056853
306703688
260002658
500347001
360241960
144872203
224637960
192547099
434507616
716556021
412077021
902427558
115350362
105532622
242023078
573568274
547517492
714513476
322789176
676065891
491944696
246871421
146876964
765027852
502471625
115027381
22825346
134823553
776558935
326776725
673631170
893271993
711638724
653780471
64681975
739127755
78554207
913812057
758878857
195182687
288059990
957083061
642512092
393233116
468950985
316637542
414629374
375563203
478556057
518060222
230717404
15553661
466224181
543724536
