5
100
71879126
170391024
868294818
7573742
54759534
899531360
742929839
982202732
730722852
386909145
409615955
444175398
928093016
585050565
628544429
553774393
329461908
540402571
239187317
931076970
311647577
683450281
47536508
133934629
970036367
420994732
108406750
63552504
936440764
652115146
910795852
490471514
206942156
388814205
912636639
23996662
156415762
792798228
276491691
917820489
56721245
403280321
40291361
661591281
201959424
521645835
74417362
619092462
100016458
837177981
682492197
78653264
117750404
646022556
808626115
611332843
59859694
19616628
898186790
322938393
77405011
376142036
391828237
795375903
977629748
715683559
321404885
225325707
55616614
350980719
209348525
864812904
116351774
339777527
410963097
166007867
321540071
390056473
246807769
539606282
21068871
974707728
93769941
804953834
808907715
805060937
749713590
753367184
171898797
213631849
17550345
966766292
306974310
263645679
817766878
175035737
698094152
49433968
621197568
720473357
