5
100
845844124
496124632
980055881
993234409
24426670
426906471
582193908
126703738
920558541
861434019
716596949
308338890
600959255
317261191
658087545
455537453
376453914
586187478
534991431
523859306
168182119
761690984
387589979
992938062
286585258
594357740
246597984
94941501
46739252
667073112
212402809
939532938
749018268
194231824
588402975
805604348
65721727
684008498
975953363
249917046
396981873
713438330
593532090
81224312
154250500
184854068
739986632
645044325
539287558
862661495
52262464
497634305
188856634
576464393
518769425
532036070
730971068
60590273
232242134
204696094
557435866
195830018
177683885
818975053
567534506
74722431
78624442
134773371
815855681
194386842
467427045
476765282
615472505
796577458
487567039
454213533
605560119
626156486
279566679
479471422
277500276
468324477
490443556
881627633
744539390
622639703
198932915
253626620
108987392
720452298
772137363
543872233
715720316
450164522
571741316
621319297
315752397
500397214
560969322
7949554
