5
100
257442059
853269796
255712408
611459238
806939306
82972396
104370713
834007187
421516768
147573783
837815219
49349390
247492069
176541828
258664044
841883345
976828658
371799355
23794778
355326107
276208997
240566727
144465835
491049729
688016212
633386145
834090944
993741684
326220986
344075026
909581802
378558410
707127422
407913020
957893070
749262730
922491709
378988867
152666578
109451411
769808252
30280827
798167192
745491029
777182432
539158930
742355405
22246326
546654852
357029526
894456354
813178517
126033453
248849058
528041620
323116917
990639627
490419880
772395729
68223937
677259264
717628600
510468118
229508326
598572378
994598130
594519008
172612669
356662762
349101777
954488040
267453523
436517574
853490311
765078648
930920939
7336102
33750328
465658920
401663948
775613515
181164557
582359015
572729520
741250172
973244054
617616740
818459737
713031
983962993
316662116
647854626
477113043
65975597
991130774
476847853
740738881
605316495
863158500
272389567
