5
100
720620111
177159671
275688113
198597527
109339957
55404648
823310121
334648295
536202218
659328768
612201983
976300932
130679626
156560594
4190427
491878369
334644809
424304954
15610173
338918389
188870337
913111392
618966869
165287489
942316092
425550211
478139840
790436091
9926509
603637045
868452170
217004660
599955140
129089676
900879306
860994102
97871440
778563759
889542659
471130444
180014351
581939919
726184215
635999077
374200190
431812491
947057445
702636787
1861354
292308347
629159721
503102027
835573699
291786075
93447764
213957281
506968136
243660066
758680229
925532953
631233761
352577311
756476911
898882501
600332021
777769269
375749183
145122012
148614698
796687502
730345987
113884193
454396016
803841070
594264089
646977134
918233444
827341538
321922056
497995209
316692351
69483204
650832861
641406730
784257986
529715440
733413303
806891801
713610843
268332546
646039715
843127031
222105013
82174006
971675038
747014115
859922470
251384066
566479565
548337868
