5
100
304540966
530137509
634810611
12998114
566180834
249418968
59160298
100360514
129339648
678749828
846165886
981205430
698007773
923532360
331854993
155416036
901343317
160484514
673971743
178856599
403224637
35708857
853177442
842385250
356874893
534878728
453565226
459831309
946939455
650759755
471110544
755430580
487349344
345117927
242607515
589934536
806807954
873075912
80607161
822486003
48176284
287514864
709630030
80646735
565620170
845497984
753058007
888802028
787683921
845146153
254272156
481927706
991057743
427158238
925232659
499850333
294107158
864178271
809505384
162219960
291092335
732170206
89818896
367026950
542547578
187584014
664325004
147501628
956631221
389022269
214226030
565687028
988054529
388875398
648439097
695189008
883995730
570094545
522362329
274877788
668535521
175542463
17120680
923500546
873458042
446784002
754189380
684215346
848646383
672343684
49075306
385268556
956565059
406823831
926160043
465877659
186486536
492879835
306445335
82406727
