5
100
596010926
378084592
356600877
185993608
252436340
873256371
408172668
380040697
294305327
897458254
398252323
177396961
898228957
369358221
261514974
682771844
509029525
662965508
222006560
127774256
39699812
603272252
953861815
942769226
440179031
851231160
538131837
658928732
65177540
226958555
123172531
694691347
970468617
978877998
74746422
957287897
635872631
282453626
166427006
979810892
582259631
834613990
774393375
394301825
690868578
92910188
209973498
214710834
88943326
935196944
465285026
795073299
222587367
920716918
183261119
453066567
428879866
305425805
864629928
801742618
797664557
898832282
966667567
192691766
687442956
876556328
432945285
93883737
663346921
60605786
477785902
123181142
717318264
733708335
338034223
687180725
481553422
593562340
741383824
226379979
908977495
285645798
493032416
545495598
563508606
449129781
924556180
647392940
361499404
697093175
416657777
429786899
669797938
736842308
789163183
613176251
348496671
544485489
968617503
173544087
