5
100
208369080
859396523
576399692
484196445
850859776
389753186
129276979
831179867
228757917
779809586
891202951
640220269
760648144
281315857
835501497
121123799
978797554
396973806
371131031
494582056
112716548
728468801
497357415
656199697
713329094
172337195
132167040
813247359
740979489
83103707
653767281
112559312
31396438
938335342
598934854
197134631
987016489
40261400
593475671
134488699
134674314
284701631
801162282
199259975
317344642
592336976
610526357
284653609
544100819
366382215
872622653
959151971
488814870
88836967
42564961
179692784
2746622
530712610
247809929
967468955
394473663
469416307
841563581
557385857
330050944
529709069
287441668
55058193
551414502
336050473
745398048
620337200
344234557
973738625
757438441
20055577
300040473
573117055
381871047
781698181
574610428
296383442
397103387
653618788
345639390
39125136
522896822
422703402
916647789
413909727
590842200
388196121
705636047
16246722
822518698
768938902
110140708
178323210
935497794
755354942
