5
100
566285124
96771310
519809492
886097707
971572961
781322429
449810361
648725956
535181544
644690762
237346014
548028557
991045635
642369749
963838096
819924495
737728307
725283917
350699136
982179826
855856518
110978074
474921129
54421690
320125064
587934095
357246269
893648900
413751737
848469375
843589776
255120448
564557710
205626273
845018433
350114087
480300128
850175137
82303696
953522229
368259047
52333832
937618653
343087271
805873408
640146869
689499287
632250466
196677019
78536338
777966067
579586202
916132412
169658721
486983827
469322197
81427432
948088061
668418553
997463211
818842419
650907861
133105624
954785531
137310321
734266383
75095322
373687016
714079663
635192542
974025653
221205819
265272074
169911979
978691923
125354478
237627831
832555289
362996599
251572924
782218088
783051546
383521867
427732765
989864106
822489807
515211237
530977805
370143633
506714842
742138562
486027848
293606194
515326299
727981355
806768537
869622954
767419403
815585532
969044402
