5
100
89659437
894270135
135077542
823525381
663821527
721344321
57856575
581713530
175131013
359074154
642661837
862664103
19289167
151504247
180297503
306662115
586455729
787118695
763975080
776152866
141607979
426731665
855580126
228694400
206912539
832332627
304069541
205769976
402876322
823782875
543446173
449789330
384162865
219740036
552054759
446906327
10103824
470676445
619164665
138577888
140918015
854383281
452908256
538016546
906056995
291963170
672565412
945177352
669931971
645628357
324140152
448488101
5452975
647289718
944220953
937525008
913687802
539600438
996422598
365136647
694385451
122605924
415245434
287571708
563031974
642979235
829911372
389616212
64828393
544036216
495815613
664544183
50347326
977062797
930856090
300831780
779159054
657144718
631832672
775772073
372986268
61565149
572436968
363037137
183916181
387577328
227832825
255021927
781040559
862486216
699836139
459918284
957201866
64313157
271536747
348554203
509019076
597597209
408768399
803381825
