5
100
421331865
768511962
624202861
198696015
378147640
320924982
518236503
387715066
660129620
873389323
407852662
656207468
510316269
166539969
422904766
783036883
88085114
685288057
409577559
592660350
211706625
49604447
771180044
110507297
13309511
438649454
34397898
501902197
674157226
184369280
194868774
219692874
845020934
144783515
926358515
53727125
70339456
255694339
187431105
614334967
222205200
546586946
416476411
887278836
311736026
216362391
319773939
631181652
782803050
551910372
782671529
708231861
728942253
203349444
73142821
567445349
117781007
948207912
945481153
622732674
416581284
5669336
976124779
541448813
202848581
84936910
139824049
716227449
204864087
711929523
493033138
626382878
954792327
611650575
874423951
89225693
724111290
802280390
741641201
915033112
539332251
607465715
710615991
603807161
188117864
314319059
258791855
608621719
518127225
682406289
871593220
24803869
355405236
855541941
965965393
582625397
397036568
126075466
118592775
594416220
