5
100
99900690
856540878
450539192
503341257
358470341
680056705
885824537
178711894
50028868
236939525
400836514
253156843
41943580
342767468
293540118
764206280
770163361
86143231
941990307
59999414
3273361
785182309
266710984
296284402
566927463
645694521
82590327
836575426
103481494
224503073
785007661
88850908
559988019
335309461
140690629
756733810
890841745
962451539
119561601
396311541
731003069
488966762
881265978
458236421
136258600
627818075
207615511
136699416
633888600
1993276
226343535
522177120
328409756
266839763
934459454
912678572
829515405
890153549
475233911
812123880
432922618
501549838
725946109
282417635
427598896
862819234
681481146
475413620
24023860
404036158
40563649
470028565
818406649
416722294
173148314
641735614
749945830
74240095
607356957
652253958
723939939
737006127
722730506
584011058
285189418
929410669
673253239
62236491
782859035
214298251
705454201
636887160
504396027
907243833
830264076
396071053
624583545
464101771
941694944
297569275
