5
100
531511218
49441487
57886672
382141559
48653659
418622115
535468353
6953074
708509019
653371488
369613635
414515592
48376357
603432644
984067812
983560548
137165238
584776257
683715688
749239347
779996910
854825175
36277174
118186254
903480430
731515397
738315257
370651478
680663407
947541005
456409149
650967966
588122999
980018594
771129176
631302400
646099631
232571946
49778440
44662406
947288899
457040512
376528725
962366743
838663240
585500452
588455512
780722369
734213309
628487961
70992411
478377861
194851531
383552986
136583062
476741766
840375289
388495101
117973079
491280253
301076229
347356709
801868423
858311003
784071501
887944848
692697682
407851319
877748714
902681658
862775579
703564702
997789006
475038183
229951493
31872577
690411753
842503048
672848926
398022818
875698596
371820495
37412088
884796890
346360368
356475723
635544024
817554671
629573045
953684734
70429106
122648244
232278695
991268732
523311687
314514782
906236898
440521556
221334945
521934366
