5
100
293047177
457746733
491253983
654353680
107295397
767328426
38834628
330748643
527400032
244172510
184646963
738987248
981888978
349200178
625299623
352065992
299583400
744555572
115132074
27829241
395442775
143317112
94721435
362702700
72394185
224911625
221386238
502825945
351218054
75603643
927717610
908558621
888250091
43059230
155080972
759050969
859593714
332027221
292949759
499746773
436039679
387266416
332514701
503137894
524965327
158707603
922266898
321276423
105858464
267512860
517012438
225127784
772700468
282624798
806928172
176774507
840869346
406892779
585918389
769391361
52286715
172448480
428814852
890497517
499357738
663127601
538604881
900735880
401657331
984075105
402088571
561871544
98552587
858516516
837082281
596018309
178818849
59923775
726367338
667134880
369721953
629057546
523019210
357905630
942833221
891612937
466248497
73412182
151042911
976603910
475523049
584338262
826301958
571042835
283047899
602459126
73276943
68164775
131943582
781496927
