5
100
196647829
155595895
206190456
52463431
667609125
138146218
395131048
658643506
955823523
268612300
599522331
747009493
501286880
518395010
59281135
134127522
517062697
769727852
475384474
613280031
182780316
603209411
987171103
183305621
359567974
385264329
953975362
429776568
303609536
883519371
661946335
804397373
41116987
629968534
257344465
25677042
132045472
93332267
149719274
828051887
386227784
988409854
780942671
197119113
732932671
74405176
786689378
704468156
504754222
384269542
604450992
600288634
991550873
400342940
905400420
425288411
76659499
46773099
629305884
977523361
25494089
273271327
368207145
146416018
402718939
606432773
526120578
498218368
588879969
320392999
987211380
393296319
788890786
135617625
327063770
89107103
222686330
134789256
631968581
732507334
846963498
366420528
818704447
183063869
513904994
452574339
455623281
607026363
872263534
264067611
780449763
781945099
938020999
16734380
135019590
443217275
930842982
669389372
459334228
37190336
