5
100
863582066
721583621
40488099
924392998
645412460
110022397
583176635
316580211
525591290
500511305
55868990
621379870
52971680
693049810
475331448
481782216
282557914
743663143
710522676
274127704
81938305
96079353
456785459
831478231
981890032
589535410
961897070
368073044
248473733
742643905
87617510
289808978
930099089
835733770
466584176
674815578
938907323
483402378
469694059
83513225
237450473
397868738
572143860
199801956
640395759
197304493
460865881
190859551
901018293
537273528
388627141
68572965
962880525
317271809
552592161
979502391
176150460
991310638
629543726
481675464
94908986
825984869
361627261
715975308
745283775
448209628
587587305
762539510
60097989
955430372
301795524
920351548
562262585
65084382
49589378
466692838
265718872
929470290
742997106
466926738
258416897
686507197
813886682
471107868
947767210
176457042
532353755
193438910
332735125
835953080
938470039
479404671
149762450
292491027
840805335
827757140
475783879
346376422
71161936
284734022
