5
100
752030871
970235707
654019053
461074286
756591019
440268280
195647152
504635995
317746905
562260869
349632422
1221580
811265991
711535653
131537012
792069677
999883706
480883837
164467899
827486903
904782441
397674648
745281457
580393523
274015449
941078474
536437079
978958169
732486322
370927030
281374813
269249527
957168382
302760239
525855764
691730972
104726683
321840281
311647628
12540121
904137786
941991745
217373417
116206175
404221687
414484849
775483857
649481991
946686688
114754196
547869696
760582120
999268100
166921427
186897829
241813079
98684315
872435421
924037313
299376843
144164859
805911364
707100256
522023580
252974684
841807071
990404414
128359361
842031565
583961411
598749905
218259705
325915260
665607558
21949079
148110419
196004575
431792016
724352477
968294617
164879656
467499683
569593393
511116390
568629022
244727989
478357229
175845837
326735460
600264168
4403602
626643020
699708454
1303443
878669687
815552119
273393781
629283158
942562017
705675636
