5
100
687385246
255259966
569829198
297228067
160094329
301269622
613356864
132870793
566615495
733023364
579030246
563632135
251029018
111712279
170471315
621545548
518902837
892531171
822301842
288998946
584595932
160238424
808744673
927087863
156297189
23684777
601555353
27565664
680103651
118363774
361373016
802597689
106864513
487223272
668147648
344677615
201997846
17086592
447308753
38675316
242466682
875168996
145438847
573494180
61882682
505498642
655223923
739736527
927898563
793964862
646608458
684335693
115446901
594237915
926227082
825678183
591061000
879316965
169513072
192224006
326561601
602697909
591877259
46022756
268590275
303755936
279355506
527951581
355070430
979961075
674858612
316945200
763373938
845061641
419267255
144269314
243747735
877746067
748996201
78509542
228804222
441428760
986082799
85840102
597256165
957963672
197903980
307075766
533369717
678095608
361426360
196922277
571433580
237759959
360814655
813150880
414303720
408602823
445685466
280407874
