5
100
387590905
909272900
19566138
46866275
966240054
138012402
251286338
577724384
133259322
905037554
131484383
408442467
864622310
139830091
907906305
673549421
897212296
202122362
774790140
391658535
946735100
139004326
950993882
148728501
626395221
615263070
102671285
195064160
923693506
986155269
637575344
281799932
977072609
600955021
424067079
61432423
749531351
817857247
419554485
270180299
107630164
424145086
293114668
542071293
277811461
312004765
596807748
833361886
668391225
855758940
157815326
881481964
240252005
895684895
857186962
199257674
148521564
526127818
496706319
446600906
621216325
896788781
716743653
73893177
456738398
500680543
944016798
16951496
865275632
710431781
112912229
458270928
663603319
164237527
192090732
708886481
988190610
471609667
209238280
196113080
952752468
461542785
97481113
655631534
495228526
719838113
689203228
664537485
653298549
317382563
171335256
434987605
45178667
97915356
331126988
59084093
718910288
1156392
150244652
533768204
