5
100
126001579
775257236
172533466
548818433
97088610
465381932
826484067
997532406
263980530
674048331
87186648
895323617
287691949
51626404
455332749
95325961
693768373
419480016
633326781
746730883
757040597
747044252
306219111
859342383
42705453
309823350
503670767
848503574
208705641
289690145
371364190
700977892
54852279
377441429
991849689
971805057
318939599
982117461
305773309
786495910
460986950
637488432
444344182
937608725
45403852
997999188
535743358
786160604
269820979
929423379
125580530
554158057
229338470
646978926
959447686
461069011
558888477
504433202
193735788
242253330
303383595
701855911
908492112
432948405
656133279
274958798
610458393
971857098
149060898
493815906
945379956
116562836
907765604
843098897
127978048
902492842
49487979
982155291
806591536
746567987
674828750
673943651
552770153
430477974
437659987
357164221
111545171
156074200
447737218
707779985
915995336
801082928
456731289
177273399
713386489
805398711
451188434
629779158
795309693
919347920
