5
100
480793030
217196359
207973091
876367935
949711706
309263916
624094360
89891770
391744013
209122637
7833290
637201379
446163520
398587750
652265200
133233082
325786277
870304514
341738882
419834664
761421995
729126894
664505962
38595396
160584537
474499124
262991067
142513429
591851977
11920878
214816796
59308116
576077389
159288909
128889630
782485244
869741719
153779945
19585314
135378931
271551862
197993423
121727466
32664590
188853430
829213610
63161903
145466608
142176119
544054280
708477548
840233358
341176563
871346873
939211576
24817403
882001203
600261646
602715406
238615528
534005038
808522001
804948331
716028929
267072802
689084397
341269390
817092128
263645245
420255157
258407571
249302624
694365190
373085948
155264269
507430019
698700945
173307485
42191317
764974802
645262473
398795173
376981852
679940141
735838108
63164357
881137226
801078329
263823596
494676877
917651152
198547773
706824365
550822864
533312909
811968810
54762397
257572370
81246189
981966771
