5
100
202385857
505627936
930646894
477741627
690377865
532423708
784408018
792650063
428876752
991801765
168206118
265811189
491465738
424881167
140309970
903997580
751853992
641269074
631761923
13371170
193762274
375679327
679360905
419439584
568251373
317948173
810479912
89188103
897407973
768745964
455946487
463997851
487817943
449093165
975352092
758981658
708321970
364214858
319998922
525708833
219683618
367196882
736441239
537379099
509212640
870360052
562817574
804802965
131101951
60389702
628701183
299617752
130015651
788014795
403129378
632223585
626151125
253512242
762365666
394175961
866340721
341015377
464471751
156026442
165819370
880369439
651373950
133670093
256894738
778743790
618653828
286324305
998611172
671708907
529708714
247802599
813141403
31036440
104829147
501292399
380044333
485099564
998770477
834021488
908432311
898118091
197248462
471390633
950147415
356956069
229660933
942452847
916903839
421599996
525319079
636576385
692724204
168962512
915515015
475322199
