2
100
586523030
288473503
613981534
772799230
819363961
615381902
540997392
173175884
689196799
169854546
266273569
884819114
885982218
106065358
302392789
151885924
244052892
396010899
294670147
650916724
641062975
656222275
999653494
163835264
329759768
220968088
136200016
154622238
385470834
739472343
484019403
924864867
827780800
630842839
226578300
578386880
374289987
946147294
667461931
932771774
519126537
969133888
133690130
967907931
986341767
861252231
680372901
119956733
13468005
105685856
429632345
194188941
688562515
25137833
532519216
962279344
430758967
151691227
849269144
131830868
171671178
171695823
660782643
33120932
789587079
306052107
792073341
366839602
492729261
590890479
96106092
590462709
13082458
110794872
925790561
548653216
299966650
81471791
483946199
4906651
72917555
742349622
203749450
892606630
33091533
502497836
172477016
74515100
50813798
121388771
660924758
62358352
352335037
437151940
223134966
217496008
98180972
424625417
546215555
183764017
