2
100
322593867
57209762
501448809
831268869
626751270
925711331
48987106
173415824
792485038
614757926
872195206
578221720
940342032
152992531
274604052
959125193
701056211
315233758
540462301
870687112
529409151
369061395
42211703
919210890
684435335
432568793
187414141
871159817
745722127
118634011
952460444
56383705
712179174
71096665
373288797
933264053
836948007
861802463
213209626
17208127
265138718
687487665
739913872
811925157
737845908
817095523
412832818
979367995
556777738
782485069
857800365
657097964
931146056
12454500
887324890
336371449
152295868
34460223
78325274
387491719
922111385
67054787
507395636
697137666
731183199
102053418
510716044
424732741
274603628
185824700
962370764
850666470
298245675
820051011
220417845
503435580
52421320
316046670
110541254
26007468
549030576
739359554
346299771
256176193
596270542
113363047
433577757
165162805
161261652
756508894
5502021
957119948
772314062
126330210
359002033
733218848
107420102
636576789
347251318
484639965
