2
100
147939793
521464950
893043342
382854478
797944728
331465662
456096172
87801006
368216709
224033942
235738852
270500220
441136548
190562859
254566012
938816973
907624488
909491088
661529641
965643408
501518248
525847432
387851156
983541864
730931230
761427367
506902805
283100496
84032323
580984858
343555753
268893335
910122725
526270454
316908334
45683375
915923196
806229077
792764978
687259994
261912875
8814830
527946239
549229471
711890175
514190193
325264000
924361505
87341405
343343956
397741897
475370379
517319207
11980755
745612624
616885425
156359379
342766097
624207301
376663739
427020897
301173661
766544514
619903165
963978802
904515634
590690812
252472333
822820196
987858213
139822146
78680940
277517357
500581432
355066473
264233411
481554956
29922630
172686419
275819871
106732669
749827605
356057416
551975089
612011568
709646342
791159566
849054511
521807695
411318803
294552051
308744150
491224228
401020013
103787126
975089235
213810156
361447089
487071372
479587875
