2
100
622742410
218269704
357423414
677245418
769989478
690737924
161083110
485260320
964042113
38825104
15587952
789710662
927977696
914261305
327586012
114861764
455116981
437309771
94920508
97370075
491441154
913998278
115506777
476605853
956699241
633627820
53533927
311584512
206005744
441553285
643174056
561564233
667825060
267050690
763017847
908834023
157869667
281490559
284408490
96422241
474171280
782452673
520122015
225245603
480983077
691589801
346096107
683304034
896251917
622723246
395442839
185699453
81732526
907743159
476601182
507580044
454319875
795159635
461107801
815119200
966944255
725379497
575272970
179682330
14755216
289574021
962089070
980695490
595030946
378820901
67264016
821894320
134105868
450304221
106352552
91415180
193299990
852852392
358174435
25513868
272758807
610346011
137918472
730658582
146828357
801969030
856678569
860633951
288960588
153760124
680055896
553147723
765245454
501315481
370957738
439674940
313985469
355266032
378634803
759341330
