2
100
825389881
163989502
533750387
628476126
638028143
243296491
512663202
943618634
783897479
566078191
581621716
244272785
683777052
243625843
773521330
664727274
343738849
683999744
618741134
464964725
291240178
994996894
836760233
881274392
372983437
235495411
684349158
820442960
140112292
694110404
506034183
585605939
299406556
182822219
604314951
687824081
300766244
10421442
359373641
960307118
499361251
208207001
543850759
198105027
363157143
904511309
217629405
709177354
850739322
321428138
8261209
297297828
941018683
392673734
571271348
693289063
586246501
250408596
5067795
690390931
604777540
152426454
9196450
414662863
517594297
645082173
974363357
974886806
152389234
482906405
33917022
769879052
219396686
460461130
23263499
864230331
637422330
222742635
141266823
767712240
81553713
730710082
801140710
781235987
589948695
350266853
69936347
590243947
654877407
283668190
342079097
691958152
272449410
831198946
680903818
700038672
390921470
796621822
727942338
754804728
