2
100
141750765
844440019
850850327
119125464
503885855
694708343
643047942
132352017
395513691
302181115
534514270
213965927
901213416
195014567
875488911
187689615
17472803
198031708
609066399
242244076
499643644
699816747
719871871
130044699
229781935
741936874
650785185
756809312
365622957
692120927
887710088
65199038
11176914
412560763
190058049
919347774
563424055
257501584
128977252
158931888
250525244
973590669
52321402
908173029
679551441
912349240
536059041
940465687
972569579
373954578
836514619
135053370
364757346
446879159
823962826
696484422
347621106
348927680
894091236
80285787
70197422
106211187
165422814
964074999
423068493
309408982
650607515
292770918
611818940
792768660
867541461
693891390
26034061
551783472
371553973
249247304
703364443
366558300
502219593
850533047
227653755
421434537
159213850
986103184
938386125
885676918
742020854
877576194
532311520
385906447
342885129
952642959
541168065
334740122
340285895
108335051
858012849
252180662
364731023
131201214
