2
100
699129283
706203227
652971729
334285742
17293145
440509349
2743639
958128535
701487821
636276630
379178271
610521540
332521232
675994605
901825032
288495663
884679363
353548059
701415965
366577837
828999046
334499292
287537266
879084588
219463997
375530542
353157824
106537431
410511073
910281231
396848288
694348707
365545751
475155715
394326427
100305999
181266605
450816027
315752187
755116436
902149377
306322787
594583997
671932581
789688165
801831117
872854586
895622974
385168387
933177105
140534683
686475185
637609247
157363922
459630163
259408734
276390700
299190573
469487884
356830152
17623484
483072036
935731458
748966814
147317365
919446603
874906355
254552501
372613785
543923985
217276592
142072846
969453128
83666075
816431441
87468429
525473839
264334262
427832003
85444007
320723889
479247815
569114181
794670504
99387331
510788042
726435270
889200248
923035347
82076987
825680134
857932574
616982272
212991679
483328763
297838267
777905473
513106562
107960336
108638638
