2
100
154065354
286332785
81286682
620094635
358785652
183076400
58354506
95978125
491708912
531468730
656404016
147937032
550562498
127325283
146605295
637426107
552548125
41657925
49438975
620382202
787057739
780327283
324785064
650570727
553384041
278070556
896153142
699234986
656619807
66909057
112427252
932840299
407052321
201400218
959048103
247242771
678141227
863463350
703467827
417024520
993500016
510065856
246935298
518884903
866987914
961845872
205792826
511882098
971313060
462288817
10740056
774765191
596106032
496318308
209525575
523690380
649213166
88074851
48158311
524101948
198349714
167822102
549606628
570000919
338287198
392308886
577771802
674665683
960593087
533135093
128506395
68384239
993520306
5806946
651838845
508958703
59451472
306357619
580387156
107065306
888825291
121880100
219068769
629591134
676656433
329612550
3577949
382153788
944184078
366628126
578602903
791323563
350187613
659210892
873586373
430909970
261771282
527824990
565324587
127474202
