2
100
395639164
390647739
987590714
174707709
163545910
734075186
377256888
275300431
567777828
355340465
84371314
590873317
544862671
150797755
74160724
279738027
807209638
941721266
157877166
456485228
840982895
992058205
842261890
323646468
657036524
553051568
789844274
322161651
185452191
210648538
25459286
699162499
846287759
352305132
737310415
321638523
344702047
892629203
497272142
311928555
881871774
356138594
382174516
358846988
653495316
472555238
514720974
451092346
227162801
440462487
984092060
463789557
825796971
788613689
247722551
574987816
57175801
273883989
651087314
326461376
332757112
492208334
187732902
8436532
744261974
109173152
81622003
678294610
273222669
843942606
475314411
962684138
410179165
106677472
270509270
676270963
76232728
541452222
143071288
350649290
711857120
888475873
561259822
410508051
265308831
115425581
480361244
42228863
866158807
158807620
394534458
64525694
425865253
973497116
631972700
421285374
106992247
127057601
116605700
589798742
