2
100
636294848
773983172
182583329
859868156
801586637
227625148
78008599
193238136
584710753
798345855
36784684
790604245
897682475
877590453
848237748
563448372
50147890
526307378
66181097
182683357
160790790
476888045
474999374
901990894
299080580
599874585
273166802
83279796
649761969
617348070
639714749
878061927
352354911
547701637
964520948
667479453
362152325
184857138
329517762
166234745
465109582
310501745
17268786
111194287
292728593
226290544
445736940
841755287
809431866
671122959
496788135
372078411
368769974
188939516
808971845
808871108
172380993
114968351
626572863
643304443
683625092
21656112
133096125
470053243
149686926
354771728
222638261
331208430
54250538
635886595
240703022
863018048
846139518
602868126
898352863
469213650
655015288
293178055
400472078
671576736
880235279
74148522
202533487
395080178
574622612
533345646
407951029
674569997
572642091
889480112
379202573
410421480
213619781
787747861
858221943
943440748
731399724
943645635
554736069
197500094
