2
100
521817724
559009992
123834999
290231382
787546751
640578177
334555524
176383376
957511155
985492786
944994709
880623031
570830530
352012105
597995197
439739334
976023797
447479333
439616910
461351845
465103005
15912939
326132883
551616613
539490179
980220591
415630279
969330524
33744895
657216510
311582069
938978730
175888074
863935285
623296584
300137179
302384679
735095715
192798564
580586724
47798591
578043169
816585504
877764325
226533753
112462021
570378142
3066062
995632618
828172589
411740415
678852503
701169727
321309162
958302154
283480492
611991299
992939997
201316581
368379802
624472058
347755280
303048933
27262898
965683546
233410893
683127985
209694236
36581566
206150602
878806941
780809549
847970052
821380687
377345182
712446041
288185085
589139722
63056644
179597084
913567
597375754
692880746
479506637
828326246
884330825
768586547
518092111
328797196
743699515
384534855
205576151
117720175
777967987
59255728
196379587
880989037
309263020
499127723
826400250
