2
100
208430928
645820743
974975011
933259155
898266451
67887115
665788281
967090164
45964414
479198645
469137970
13189752
848214589
145849207
453396353
401206141
990886631
881721380
334249921
92813595
7945923
409445495
183246298
178158561
562338258
723085646
422545674
41654403
693875214
949937133
429765377
482816850
668112101
174487803
821994502
651772453
754482854
78543596
454399165
681437197
355459335
440219816
766381470
26154652
132427202
658531452
79135271
767212903
227015096
518813102
829308496
773099263
593767641
551483085
424069131
540645536
977770618
953135226
246832238
667046740
908007696
187399079
326157536
938440721
443932556
233638497
217859559
981245705
743588334
614719156
485935050
385664764
211680752
146299529
828293020
789858950
388820204
904870331
617172780
164652022
132232826
268426752
576881730
826979449
776981013
585547660
714709833
742655689
406838000
52744915
764497887
41642480
374616133
893498921
614565900
369703820
464365654
553197806
198531343
398968226
