2
100
659543786
726828984
497932661
124610280
25966740
526678539
575373013
326727035
858583686
886932803
366750150
763159472
2614218
794109065
504015426
440400327
603185525
380943440
646079657
584373967
579329773
168964365
828381877
329089619
927323600
106424386
765683981
184590901
967511198
412221731
57306458
240970102
501859659
364337024
722554491
464672400
507982011
408414082
864893844
842418542
735952479
535834792
287648623
475520172
485147718
686171509
104516635
771350830
958012428
418571607
535409187
431301800
127317375
680824110
974205927
32959718
923222908
435126027
5006813
198231356
142954420
962071053
848513199
604417038
891780920
439421893
375641324
476480689
922247168
80888068
359621783
386931120
822811373
457048575
839919626
195228241
783856054
307296132
634995892
45197908
781893197
227809997
568111584
938284188
996769057
589022069
731861204
300129222
15662496
993874814
66262673
111985570
598276050
775431483
170435308
319225818
62563549
310239993
903827270
177970441
