2
100
316836421
835903156
107378362
675797798
539004109
932607694
484689089
822744178
331747203
849977189
800511980
840252415
949309811
685273298
345214962
108453879
672619858
586108349
453711805
191992441
350646843
332509056
781848876
762394922
562591541
363927233
101048898
186553932
567141576
518895903
140498992
348319734
478631647
143120293
142360675
855282587
953820637
160580865
469383210
673196733
317835308
121737681
378786264
980513800
881341110
534326301
606874276
550252761
290284977
300579363
116729021
379887674
154437315
547264482
170250066
352683320
577803143
968129390
43207548
313371174
348519685
578278707
578488200
781068168
676516812
560186629
198269145
219886553
576328812
501204342
175386291
925432995
1398734
536594796
777013666
540213670
629781288
966806586
12314748
508053143
676852160
919788739
930221990
839582121
984243609
737144915
794212436
317715427
158834271
589248659
774343663
200395073
601481250
900410730
565593330
805539247
667125842
765619433
871738609
801674991
