2
100
267669193
787541357
195730004
48177200
140876680
322055405
339550808
746436875
337743512
908300
864826748
434569898
10187094
238699472
816364371
849820936
911960114
121599052
722673443
361477519
270126787
360923903
284636387
465444572
103702465
568759655
406912076
432830671
710863727
546897670
584929710
368319236
809415697
588434832
208667030
95796016
478752393
711703080
36650008
103099068
989278037
763761905
694239156
338932518
667695023
990205670
677413130
425776794
494343650
48594913
767780136
119275532
66624754
194226812
639434645
863554483
160700466
945623715
976829410
433627167
922887475
509560504
341005612
929913822
949520692
592960639
74698823
804904996
989612044
732839522
127036443
526650423
557316107
962881038
903984361
874505620
141814945
826632973
928593112
998607067
587006068
946145761
363936495
73333041
958934692
544507716
633953220
301947077
972991393
206663089
625517107
2469566
34384093
829976737
11998174
882081139
435414485
562012061
16800835
193368493
