2
100
377897457
821108260
650684967
648389249
739349528
544472687
718261731
200212509
809828254
482365820
541784664
371362466
62478244
334873247
154431239
604735403
636378043
88199436
92857664
324713455
253942248
739378638
119632556
762633158
372732080
734469843
626160025
645362270
207405292
860314935
970183243
758588414
922317445
694746506
765240541
661702851
759638755
757552490
137677287
833418968
496555903
918801852
732772042
935972387
41456822
70472517
66265476
396022714
168362389
620865440
454454057
327627742
129471746
94591599
766884943
899745525
552582866
983835864
731236766
946530928
191566894
964732155
445162086
834549108
663704853
421840717
349914396
653276226
894251850
726198723
954775166
413408727
548582380
611131502
386860212
340684145
389116454
663521777
259596965
613049786
334376391
87918593
459932404
521440297
226306337
832906408
229322418
926386648
576894523
997123474
915830495
50318942
520173536
528840519
535715341
384977245
606914979
54056011
376143461
693964585
