2
100
296656957
530079345
145862591
293169428
369212403
517102737
41780252
38397716
104906085
717081661
510364673
247295748
305942426
518322893
98968190
578547507
16437498
848428410
246443384
974565330
668413329
650760531
543241048
261997519
573290601
328658497
105915527
636338654
620654807
982998899
231394410
51642718
346714874
734669306
935820600
55417730
991194830
982786762
779047416
113704044
814972473
646806872
41417666
461916398
19164084
892912217
911274684
10909461
495338656
223935324
873826102
215547978
243088875
909479611
158416723
683193911
745281687
152376767
884930572
850121277
486757163
714749762
326151764
431411301
958217644
167648676
651721949
341129808
136482699
468455554
259175239
997623002
513238519
865912009
8595358
589057427
549322062
69364171
298687773
21898851
430259129
751683485
765163162
844966342
975968856
76251147
726738291
538155109
815879422
436148756
475284791
936413146
68347815
474915025
933265852
235917221
317596743
956077009
241668469
386022320
