2
100
522352377
360628827
649711185
54839597
925752692
445152346
296316941
367938386
736792073
992229351
767500033
300548636
667637167
385503335
448838126
741824555
747189101
32180463
895268823
955654515
33571825
975267540
378446797
442572255
986996267
5481091
475333330
833164338
956310915
331641042
598465725
859866357
290450001
539339518
368465643
939362529
985044099
760725075
836669455
911297090
428895221
835964321
254548369
517392553
420039883
17552166
693888962
552706909
554315225
989752360
47218549
325093738
477038062
236010951
385753741
909468347
233131394
41768349
673841837
521391400
466863193
253554420
288571787
432089498
638630068
4947442
385982781
510501917
199617672
675493866
835607263
333293205
310348100
253279800
702932655
45834912
968985613
932122391
671933760
758296850
350246953
958967796
645708985
206666831
620591493
73969334
589987306
450808378
770324598
587349562
566137084
759193391
505253323
877429151
453592373
297949323
580699086
663807932
207077426
393669107
