2
100
239794876
445628816
146734520
633616045
229768138
545236759
365503225
709803968
111959656
642213233
789622024
947943653
129560421
163646070
338099065
324930752
157761157
200662024
416637372
697925441
745192369
58549301
287329502
981935609
330276562
89056342
988934840
195969588
632305312
710771489
355633302
434595857
502466696
18068913
612794733
738993627
342860904
203739002
727029012
809808052
281812569
649518065
329080703
147992288
919949066
871589506
37322656
538572390
578582502
557198557
202002029
145054236
478873848
97016019
202892841
874083992
767043913
722887409
482643272
106513239
16012853
295344290
619107128
6247552
848082364
812081041
901441242
68609234
191157638
434653249
431442016
114880042
542449774
430405589
192161749
722832579
584934011
101913237
388994022
209617223
74327265
164254302
736480365
308070777
730423927
307270315
973836899
295404345
791708106
763791743
937198063
822802235
889706649
770166797
948090161
925528387
956016285
109446650
107726467
796761362
