2
100
711906124
527223735
125499667
653456302
819715662
361389183
475037518
512545921
44512053
799147128
520945308
262761694
932654371
42404692
946760556
44203512
115290822
491865311
598390343
238545341
366146092
739156634
698165139
215564774
443858163
291173252
691643838
989202706
159768289
687187289
898308818
102288143
761521357
814374750
612333678
22142252
148251558
995601223
965180724
627221326
235333708
193955890
747964282
915390187
986454675
658636870
853048823
731631626
477984201
582376632
853600526
222831032
955829166
478552513
960444392
705416875
782453817
48033642
814321942
381790159
97599321
863050765
970629689
950499907
705681226
339363376
483044429
573746677
949649139
769507807
705901903
579820295
767492320
991479494
755882964
926383886
621600069
559730014
554955818
769288283
845498656
322416842
932053752
346540560
543044180
198718438
952246605
587360725
392665671
400987505
238006767
7841348
792977955
410582614
800186779
257973416
636399861
231793302
41342775
579182083
