2
100
133197266
719832258
821196935
810164161
682394191
56712738
827360236
397361036
683232960
176120554
707098875
804809799
309763808
601209382
734019992
552275924
934522199
465123902
146896139
96935401
608936888
304468765
995720314
530326469
28415417
286889835
690144035
632649516
849859995
503585159
837879153
162823796
797660902
941446518
101007560
555794917
251240521
216038520
803989277
532215657
140666363
921527552
761708442
857894707
784019564
612429273
523773888
183350552
948344531
570126607
952058332
373372556
361518542
708144882
27180232
471930611
64117328
991890926
855888373
475846192
159132059
983141887
888566520
633890506
639816521
995509720
550627650
440781701
510763830
353738796
791233353
629435740
744617970
340878473
144118601
366616333
541878457
248313115
937356853
428079154
753002360
92366582
35398806
643641053
391252961
486366833
53225673
215425427
446428118
426567372
900998471
423336138
533721972
864705416
286971578
486186189
926140503
632619393
153803558
245017248
