2
100
139336889
416559816
36489068
631178802
854493482
405164804
164712349
382774737
982874176
987946471
436654994
871711530
455866579
256887992
499198687
681142262
608626242
897220013
114913029
649676543
906310091
582156691
674872824
153877661
765537218
989461495
519868419
913813165
616168800
319576006
223837613
974066148
864665475
44511329
42657743
652992351
621299493
69615497
728428868
607043241
636218340
84897254
289079070
734193596
828683636
286705359
915640100
687286293
243699549
291581029
511274
511234410
339902256
808391355
30852020
75633632
95292857
607504401
82537321
379241143
539507193
223186433
589736900
420539122
238197214
599052321
144912765
832324974
514910077
816365192
65337404
827006996
429058282
456722777
565226938
934176254
753522487
151932401
963471780
41518687
209565600
288308552
497019712
598009608
549840876
274394443
331367531
583424471
555341577
993058674
478118386
382382078
507572544
870089183
828585482
191606150
15073946
618261329
429954754
745281054
