2
100
432913
252666316
165492280
30417062
435678992
135417110
303298350
745189501
490655730
886297095
263828063
845153612
581790199
154787633
928416723
715659279
628053578
198326184
414983235
285726991
736789875
278281832
574524811
954507539
60831613
889067297
711537806
482565602
252317181
650282369
395905193
166992
819064223
104003227
589380250
136673644
438519933
752410344
832743626
20101955
685210495
815184766
991422179
703137740
561542061
170936745
953309944
778792124
274865671
42430877
351222938
212375102
617982469
744224180
935678229
899612281
811817389
219784893
381755458
279169394
701503012
359098134
216825589
273147681
808083968
60045777
509786847
286390471
301844955
422289459
665208594
285722415
327588320
537206132
704759095
443642642
650328747
76398227
460550265
762979473
186084528
390422811
191306700
403213070
161908443
875793342
655358772
327803779
825884593
351221097
668692610
223404300
917741895
855512629
992385105
356927432
679135802
274002231
338018684
112536001
