2
100
929664241
727477808
40901715
831645600
747232131
653160120
876892077
731568607
363391057
727915891
253391690
74540455
725952389
565260162
420944322
811769582
474080579
314482374
585347562
880290776
985094830
865162845
441037581
777870310
238431977
197475443
842220740
561276753
812053888
397690369
711563064
643153766
554146059
76015993
87914429
333984414
200398861
551304476
603615818
118671875
767642575
74476675
912249266
824982594
406497778
258763696
939499495
31179896
125937305
643537677
628095631
59176473
325718758
929623043
195592552
994433383
753387463
624460947
327090882
176615057
88048118
812956453
413410350
41989010
393284265
444667497
484747223
698612095
574576827
479287797
460614117
291136141
339566455
700752547
130402744
465385650
562265934
150033265
482277612
906447052
88119010
890048024
176156867
352889650
107352786
868428161
710808501
305262178
156453116
885112382
127145042
806535322
846854957
235995761
754902978
60168147
258788470
878561650
489782906
585845990
