2
100
17179621
778338013
264254344
997466684
848468630
966872655
764469079
241250551
365808825
776475166
61451560
71937956
692750089
302287842
70271777
249124058
435267187
666329342
48664381
584333536
40768452
390317360
741953172
12048151
972002100
24681410
261750922
195742145
114098195
358121786
175505854
546434276
37009280
458820278
580839865
870802954
206336171
777235645
61575081
892478053
492282835
868821905
938845419
322990877
495267923
563601697
173858297
25881274
113294185
685986036
836554106
456523487
57118058
654704236
440855038
924583795
557446955
422931526
853356324
99432648
709053111
176533168
634948084
341108330
484891576
573730247
325917641
7661694
835532498
608651098
619426308
443542140
465107594
395973848
870492532
13871589
735679956
869320519
720907748
32952878
483481986
437091573
452558159
204533810
626668282
590591344
969461662
903749163
402713039
682698622
910374353
716444634
26302854
228755692
720092555
755010453
407010500
670064802
236271448
17368992
