2
100
412984832
385531581
429922116
787963528
66920599
928654972
308638296
846033404
810714276
2130522
868420891
256308888
331391806
595747630
726253144
486095599
211234362
329374256
52181970
928881859
446060619
663131345
754124592
51586057
700441601
414561634
412868158
460547299
924459198
932344048
723986018
226802794
103149759
833458433
544203792
677874952
355412083
138789307
803055097
298251965
632809902
658301361
385951464
215776296
203650630
244514828
885410416
164894024
600232753
924317975
580321850
466049721
980565201
431715736
201450110
483133992
827239014
613455315
763952464
23670659
173239200
246208360
841587854
962100671
249542812
308332549
916963784
402888992
85417047
891666415
631295606
340099616
422079254
44455508
210998794
27953747
114101102
271344756
397662920
846434136
485513058
348708186
739114400
390383109
108424621
342654062
377713840
860260240
972961072
955630044
833996247
446086414
477999552
459655834
757240793
185719107
90960366
753477018
108257298
853205305
