2
100
718863392
96278679
886855794
571593657
383498137
163170114
161116614
120723768
283608745
620318428
118357815
408019503
739491392
567687610
652094101
28532346
933079765
49359401
675894123
172519969
206399028
209556452
214761269
285739393
518698307
281865652
229328264
9043912
416709154
619249037
249739747
591174583
906626065
960077267
343844992
629196348
778665217
400331014
956381519
837567754
954869081
367340483
354392400
334676004
660859159
989423204
163894628
627484356
377864112
315568293
754935501
448950024
235103011
236376207
508345487
735237910
480038314
856492502
687023924
299300954
599203601
968386355
792502431
937276442
46441737
79581102
862895051
160196651
686443844
958159133
41567844
761224940
946430888
579794034
988900616
209586134
519649677
674704128
483274265
505841736
57531198
964752305
779191533
604831994
962398656
473165123
621794039
387440343
855327080
315722313
485877523
539987047
567779993
912806680
826750372
949105131
586964002
718580388
153854377
959626225
