2
100
490445212
512643467
638197241
930001816
284653311
590949417
594291482
152746883
444981219
271910700
417654068
502700618
320041849
159926634
215198363
252233677
857219196
748432740
530240161
719599723
647481147
224334005
91047846
222422717
637250362
801153458
81079269
678786978
674016831
990835545
640511639
707876124
59096984
222284868
244155490
556985463
29693717
438302837
722762777
110726154
468632240
31242010
186835804
722780737
271886991
485850040
15910877
810132415
935791298
488353341
906161682
109741273
275161112
161978154
628020927
451345728
338010261
892703823
633195818
56303902
650643805
784716206
280304013
417291405
327755827
434246520
319346406
122136515
487792733
449737763
759509847
20875855
234844922
989400284
87060719
759667286
671056835
790092767
72722651
655909800
89722224
186074185
924467660
719983196
685413333
892251630
418891567
794315747
482904586
911396147
426547838
958718486
723671486
786721805
320536984
584674583
342199117
281474535
470678998
550949319
