2
100
834566695
137845489
657696000
120026068
272652889
446456716
48793875
834603537
657446791
494320719
396393571
108169024
697358295
285072374
194685885
246653240
357608024
994723844
188429971
400723798
619063209
878698189
659223486
784978819
779121989
805211880
560153017
49693711
264818345
343952293
537735779
866578977
17436339
379438246
572774742
395520375
261036816
839583034
469770477
660405732
833123660
758779635
74846855
18558062
206261350
143021263
483061965
579630986
673871934
377245643
285631084
29637470
977618601
442098827
980764622
366985042
380946995
390049674
864087436
699668358
702685400
15621521
602278730
114795607
703912974
1242987
552639391
390946828
622721591
816950389
173208097
242703503
821568553
662140891
856779902
380687222
519370085
637236916
267553313
469198975
107202436
754752676
524607979
421785412
154965484
599771750
513660498
784467638
69383789
512625342
915098753
323566764
357169445
397124020
552228361
629003512
76727372
946938432
976279483
517474217
