2
100
186352669
462665920
759631080
73201145
931856413
87293232
454427056
338522525
648723624
508717296
525906195
442940287
340221556
959294058
424609286
989868290
114359482
868183204
918295339
545836976
457839338
693398107
934188506
575244793
697629634
699195116
288765483
454037012
510988164
806332403
173867204
77568454
519169784
80517626
593023927
484513397
573893411
392414557
372655734
349132153
248204615
356625088
379362308
495009217
153656280
766748157
417167719
208206833
764281317
531049991
291186747
53364936
700572921
530054412
719281782
949162745
313661529
82455648
236715671
297859654
119775159
100768519
786823470
903360355
929850236
773294058
794998095
457480843
689772180
234961273
961320942
81505991
323523845
121838695
548209365
377193943
208490902
971822694
109272318
689283836
877749851
238625797
515324353
984608562
106956821
321200449
268442810
947533358
671063188
557671206
187507310
421768595
740826786
127442324
930214811
492061459
301493193
538807138
573374826
535934436
