2
100
974975647
845625274
374120582
498145090
50440434
17448511
326065226
117064253
780622367
910187845
342496853
349398614
175578080
997171794
321038143
861551815
520236800
301490438
423494192
813134346
486342220
14046326
875506520
709072534
823635937
43597362
47907911
211520248
335116090
531745278
2449574
142315914
413037144
993149572
949628076
510490730
953936601
803622589
692358828
860595516
402727031
12118130
832509459
680347273
7531321
288992476
316114719
760837663
12896638
996742071
716548167
373987540
520696470
239491705
98081858
790146749
677950798
796958631
943993199
910947003
893058877
171918613
624588383
219781658
503234005
497608835
346909833
511001622
971527804
281051910
503120598
371130035
293696583
457260900
216206034
934819416
954767684
502399654
375172953
98699848
557202158
974616266
545531448
922925265
227600547
919299129
417971655
391147139
507385892
187614755
678226350
430562038
149302112
382491261
179987409
600619527
570840041
204554203
481074186
36591149
