2
100
927117315
978286926
861321800
251524435
640580563
530824665
195329508
588932104
830542473
211008568
345451000
72325648
702369208
228204040
406391876
498038721
609162583
305942848
509175312
271373713
275368988
499376516
674679062
887046523
571140148
754228140
272584507
954178158
850659511
35565319
126479340
298793968
180067256
983574669
475453979
574582545
993074469
556210286
696745121
707469070
740815579
320582725
465746144
576902883
13208242
47246669
494055857
517512545
934138978
172515393
143960727
777506987
448146191
736023165
415108208
775014286
445414394
745319935
494713713
710634948
540774286
783192514
697609984
327028330
948546255
112516161
78879560
430334093
168482450
735227819
915348283
822304955
727453155
985022163
807320572
946300296
425372429
319648037
312673936
217584081
903035999
374537578
24654969
681257472
335705067
128045717
852881303
17320772
388215658
232324086
516700403
526726757
916148749
743133679
198979743
503509382
388813812
398940454
464373621
819248000
