2
100
564061680
582600053
683733486
87616895
267958346
409207955
795617280
513127448
560654640
210612855
147785741
658621213
525287325
350304424
889785
367953465
218055953
258785322
737412887
268118057
559952183
919478281
49716005
701548389
951015508
845419802
564214063
318013692
808262017
364163391
151965870
204314135
948216468
552903694
614525961
835473753
589511375
308110153
2005175
278047828
262298705
324865731
673990944
93203241
16948480
1009814
359013888
186195326
451279692
511492830
872882532
98280444
708839873
760665771
744718780
332637652
935265888
907516524
321847544
267557080
403580171
65969953
601524935
637123836
307539881
198332312
547770100
213996882
341341840
887170044
48827855
309420140
184218837
854424245
648569787
474595086
195776141
836634843
717658133
776383592
3598009
548275676
919387938
156936190
130633056
37784501
425043404
131408826
412075105
797325913
988456972
926171612
581731235
247318977
104759930
855010340
420952562
887297181
366887395
146197814
