2
100
58090989
613524668
73129435
305459929
789564559
720510168
512468050
781284166
465634758
511580855
961936403
980224225
10529302
174605859
216897459
239581220
819269794
328518602
137533879
617583826
5939385
959948694
312507383
48205588
71347161
559836940
195691065
273015415
460463182
126895623
691128143
386402251
397808547
645912759
555326490
388200665
351918547
165227678
913658707
921291227
13296570
424076486
249205404
288382
409890819
544641421
582270825
842392564
126471882
680790246
346390656
412525159
968552296
347491120
315093206
135126124
469564963
937670562
854441291
778727910
274258922
447894726
675202908
532429031
746916686
454891604
611209584
585590755
635430074
586816515
409795173
812196653
937732747
302954736
132385496
607300259
879456180
283479872
621955906
446690607
691085975
35543266
839149720
828167518
390159362
287889308
139266148
815401958
733459318
445229872
842580769
123889640
580597214
127689754
218459879
673822099
16767129
585802957
214725364
135754464
