2
100
788651817
940330650
32292171
137144588
559044746
959554980
368934512
426589384
721651499
740469992
134924851
922867263
486504293
842731130
919777050
647943023
84900455
884972873
656162756
703274423
294577400
3749920
277853870
348479150
567916079
891744304
174146472
136903783
600678502
719532733
90395665
475252350
615903255
776758223
940719186
395989241
776364545
288271205
687568366
722484050
434236451
396747962
26164943
340930078
432175352
872157036
130444582
881040033
402074152
764547647
33262851
826961699
79471284
233088705
742844809
46581281
32069356
250082612
955983189
543799920
278189512
731675743
226194039
87434584
745635284
697274183
549994389
884233281
608274345
756898776
582080349
628851489
899302951
262667027
309280622
259966447
826693665
193728486
692727067
279093565
763317950
322699669
971623566
832312180
415679043
178767437
515916637
373935458
648901340
860768672
920456449
47614674
204920681
891572466
830812559
352865356
443960945
245787358
910622474
87109337
