2
100
508142283
909125148
801087752
651186479
376305059
365293031
800075800
333055988
564168199
833300664
485413504
153443488
145462016
916287796
155905655
975107359
247645758
196729026
488056400
631159934
20915764
561728740
304942854
461977126
699078309
552965875
340938946
34566566
260649352
993453200
655796449
675796317
130164404
303508994
1772905
869542930
38475715
28594754
97727539
334411014
301222994
811970069
896501454
492879651
762193385
601266033
695665604
997262169
811972175
914824273
449533822
959536794
783801789
627997518
515046064
850915466
599999136
195598489
825773463
128427659
677339866
980920156
567992270
544496571
623239925
868329971
873279403
354283164
595464130
812691334
645668681
570353619
384065328
387945441
303081119
476025560
417704733
897360160
423882484
217142832
457158219
362492664
867910163
481158233
924422778
119974108
58420285
726694210
124982346
334625008
49094062
411669800
223692328
265992315
156665110
672752244
427253541
312632191
40173872
530539295
