5
50
370012134
629137749
952821005
954619757
841014933
754575244
208117725
675111392
13913462
394835681
176617380
615084026
693151004
743301518
381609044
958671910
203852037
573817680
648033011
460542128
729880652
175573946
509060822
835437267
658319664
870844957
763321197
647733367
406279647
922315122
924028076
10524405
979352846
242395468
521209336
475495082
395480950
732622074
247134979
419091843
603303032
634073741
306438274
395221139
134655956
180653888
144105681
727569653
59892875
102706818
