5
50
192014453
379743346
315314870
688228950
736377984
725956525
448180717
413161570
615597172
145078709
418695514
237048657
579973659
910482636
478977209
201711934
312969141
628005002
499883537
69077175
937072632
535775048
509174153
194994724
933281557
932922882
857354154
508281159
322738989
769871352
822365571
138085184
396473950
148895710
47586412
680135946
752321064
21342220
928325189
552588227
236519587
362565803
652618071
942490505
545365825
290311847
802511619
414199300
475818919
372803784
