5
50
229540336
348852055
965003449
755872034
582329423
221138860
201799235
59957065
922280781
507471356
236763644
368176042
19286929
489716469
180818801
45247451
434898195
828098290
223651101
116875918
488131996
865818670
147707178
171280158
376215297
421414125
681821797
585975177
953433819
909522802
960218263
749011337
726067934
120268308
46585377
421519155
321556620
748322481
366257737
630818393
352569032
440047908
70836191
559695607
251632951
861672162
215789508
263576719
450715267
892405443
