5
50
688915859
385063296
672270902
193001807
505196123
940332197
724796929
935109726
71364989
431817398
102266594
437899871
433282739
826008951
701789984
486441248
139255524
357628048
520943062
385707789
604145181
25250184
238298439
584506922
189367485
144368885
676867948
558001407
283268054
450388872
772325862
470671646
94215106
916901619
619993304
742505346
344816582
724123530
19653398
12393761
720565555
642494810
300024935
957189727
331629314
667524693
340570848
704453166
284940460
446945013
