5
50
257849756
154074242
370579685
717826543
813516866
291016473
880381988
338923911
615046099
51513126
15910024
368879855
34528203
45525319
872531194
25833122
196870413
324150657
31768418
350752366
35788969
493249477
933858703
625456530
79438880
343617853
136362018
83795819
899137118
718344521
145598024
891976233
288373062
547654
210568332
35532351
621667450
475430289
907123626
482666836
229223568
510560510
117318106
105707571
119342102
489990624
127849766
628203457
525399795
69517838
