5
50
157197281
300667479
477035209
225423768
787416599
921678669
785280830
400725458
599722590
222190334
437018801
476186221
573921023
789537299
336297692
811446313
813304283
277788588
465696190
247348855
69553652
366252242
247442986
906201257
364656781
717469575
483490839
82364715
259810227
507193895
515237594
838227855
874562129
156532943
63971224
87572872
542395253
192272696
382302985
512230362
162511316
376578519
889831743
96434246
343019717
211549482
345102847
518819628
565974541
866232861
