5
50
351752881
800695856
875778331
183858655
513230213
919876886
665730412
599696180
244882087
26441251
502144225
328255774
614631242
53300954
910296756
515103927
552687248
354171066
133687248
584531226
582597157
63665083
629058299
918729539
991092515
927930050
195657695
784542644
116551466
703374662
855447066
95088029
363448648
671478256
384789465
466189070
96356105
535563382
918515989
716930376
496187278
590421681
924221036
424119204
450424387
545085197
907429551
842844158
737684790
817861934
