2
200
951505476
677801131
800579312
432044219
475374355
549063998
732826471
542857082
384816212
69344902
79972885
276917105
93594773
261808756
117734155
366758908
125544234
616084531
187565113
510013024
184063125
549357621
949123945
887417030
591800695
184691711
343217883
617750597
588183638
801632862
771968694
160515678
342672561
138777854
407205842
143802447
973651441
175884405
273202292
446358704
992117503
630496303
854361371
509268723
292236465
620568289
484665918
738956952
190865702
82170673
990390542
635866428
487143893
903290911
571459092
813234415
70238663
39121071
247873287
422450781
892973210
12950975
834675277
221864418
94138550
219338915
893086946
992305589
498014480
480629656
538145918
25850535
899734557
784146101
979025775
478436320
459328949
779459253
297281542
19182503
822868038
390134109
278221494
597921332
132656571
65227703
332157428
565846170
478344849
402726923
424177873
827684637
293783731
190380526
371654468
152288209
420154190
92206804
892715981
183476004
577255654
95498824
863031772
542971594
806992823
419251697
892414993
563267762
416110696
337584577
725410452
129104756
648226717
374680748
342124865
367901699
450865609
378223058
2315497
116810437
875090350
923662249
992630655
145135277
945393498
386958442
29309849
561740350
981659711
397766904
830224535
928699086
535066110
378798922
955204672
671953153
631590476
651426611
2927762
227305014
216733323
19370392
21290603
333873264
643078465
515728438
718583356
109947156
858790739
264237829
70561760
644361761
303307567
622776399
239418737
283762506
866695625
643101769
271559964
37580565
643097054
482110099
697265829
78947983
845479980
876350925
71471722
974771780
663055689
879572072
112905298
54503519
809221841
810687437
177899482
180624523
757653179
493016311
81613175
709645412
933056566
454311742
496464513
684410654
706511091
83204500
761823357
417591469
93896680
973664081
42044855
682916068
752197049
214743103
555012276
108765707
989110861
162396067
814266116
838953896
