2
200
743365352
894088716
515016636
252723833
659504560
254294771
468584698
127488317
416342973
882448911
553972170
55152001
625653035
160067593
970958024
419792073
360164084
66240005
474983086
888443890
953040464
179906918
282622278
432719611
142712119
270014255
191800884
77751465
422981378
615239815
106335874
18946197
593960978
668746808
801207311
675863886
505350428
13064604
142408630
629774769
185853389
737486828
882820587
897384871
301680252
150006436
118286050
496706795
980140075
240221816
42736692
337866207
546456848
158251435
833196187
167457311
119950737
839532894
625818535
410049376
73705047
419775199
751928263
216866629
32537507
187295292
863020387
631925664
758715503
401029648
176284226
447868921
840369473
438148042
223575720
68663158
991711854
682888300
285779000
50808642
640982576
135431319
51727356
519844615
932348113
120985898
540998401
141224737
655579173
117966575
38598378
728713499
337044726
963919549
129383951
280542389
302740105
656477782
711264103
374809425
908943552
429395201
496531878
328230562
331159270
790661496
731113504
655609996
103060930
809828371
118992605
310770065
326196466
56428053
601620669
649169660
313158586
766932653
708333976
471181105
454774520
748000808
26559626
206533149
819523076
11400525
996296817
196265410
917397641
808774963
536137090
549811689
509737141
548446672
800472803
243670240
788599029
26820018
860891935
25944850
335106965
632219193
13812642
445459553
670347274
606177706
657520099
646637072
979298375
224557798
943581462
334746933
410678899
356995470
297436049
687106742
373504777
639626863
794754212
562690249
657636092
280090060
307137616
597759039
680295510
274626051
738484248
129349244
298791314
756825786
818108126
595706227
957797248
459086157
325535758
419158954
877496847
478142797
845113203
630511734
680066247
739681257
899988079
16706
18049328
877625993
393766859
521296602
1611424
227275007
490421539
395788562
77177276
734152307
842673216
190904207
7808740
945876073
727970266
860957693
