2
200
465275702
914247322
769205641
363225666
509935533
564092476
697794183
878015577
136266065
487779730
493810839
977836486
830891108
724370241
736047724
344180015
290003525
919991398
729178601
302994480
326762302
47785225
867684837
114030863
896031369
144616632
836661155
719239200
732567525
954358794
429276252
949324076
371980178
610294428
818602652
765315689
301475460
240451939
41176988
687861040
583928945
459660735
382933929
354988613
907495943
788988544
624893771
296207816
588013571
205171233
94038388
138516051
401694548
540837460
337462052
714229695
798138546
381697048
587140222
945327853
62214226
211489294
936194337
890473032
285737467
129927584
147263143
223900051
195029636
137169313
359081197
213807862
133676793
830766837
777513247
181125555
251883555
474835677
243079061
780428390
771142437
894552186
172752200
323214574
881691
653877733
475343903
623961069
648501992
887326820
322406421
475956872
169059093
44483482
693617626
264218238
982001408
71562618
272394554
725874339
481727888
948406439
344192203
366388082
54630805
834144654
192928658
484503167
63789629
935555937
80939783
135209224
143714519
823319864
517268434
740891067
352527256
303868549
932732317
818033687
527372040
263032576
721765873
623009671
397368259
227247017
875703475
847650574
467614027
645355812
168261958
518471028
599388006
238344212
50141983
653333498
450185182
274383565
34776483
183617816
411869738
941330627
807615120
30045953
134496192
380160051
599636433
994893148
643186638
959098850
126460683
790391630
877429742
68651555
765100716
979475092
581016848
646762167
400015867
891416552
664746824
904408417
625190454
283617078
657436395
373610839
44839324
256103222
794046196
845180986
556969409
692964977
410690488
445269108
207932763
170100681
715377285
102504589
561076863
958446368
40659077
451583538
855116084
846094540
861843221
601205790
102293438
411478941
856903013
651352929
742741945
940797420
271365121
538344502
344988120
787130716
105999995
201275236
761724340
462462149
