2
200
773396169
48272798
519829535
461185806
264797835
230616741
265790058
514102479
219987447
191363384
333893748
296662923
456527603
434578288
681469793
339759006
186516937
554857847
7051374
174998576
523567474
967321522
359116304
215419885
916213835
492262681
226758416
197865332
256473043
484202705
173607014
7850514
484411199
848128330
86899061
174467164
903178145
641277635
745780839
529810924
512668519
483836756
774005974
483704481
945623368
765412593
97989037
975059123
387875354
59431369
588517736
280289973
356937922
911008699
832767580
799034886
45255459
222413378
347833470
559801634
46137489
403369131
661676879
111034281
102006603
727789769
671054086
418172840
901965563
383238358
124823471
257277684
586125681
655868879
965269558
666403264
656251775
888033483
867753854
14518742
40442756
141019403
674919023
88187742
829258579
717784823
192281928
37277943
772884890
879674701
629488411
421612997
88155926
617424773
149499730
221788617
541840662
512548519
381860305
606135402
834759354
928410321
562619745
784040500
901416727
825252847
978670415
343766654
968504306
303382513
929797569
217711653
781671447
693415631
411486575
802081843
593554473
912454014
582295115
165833831
759719208
390622522
800543068
553088529
341326318
60094631
343830125
604691416
477971065
809109655
949633269
101085502
174639363
389086721
722812725
875004284
616595906
781360427
806420657
299487465
12324322
678121183
676581472
153470332
882887490
617231754
376560301
429671422
273601457
386702221
446808114
676599585
455634547
209357363
970729140
104743697
422167322
428588272
338463288
99219550
989105211
495904621
508757479
247122148
210025603
57515035
711995067
555866916
577330641
238518156
286604599
95105303
173728875
646309289
334426485
29749049
386553190
921611137
118482525
247662881
743619752
363081710
488772909
816170528
900650687
513181715
464947267
635421684
763827043
924064703
39446968
174754413
499515359
715771200
522707474
782949526
511735241
180210061
634530602
791944489
