2
200
164547153
370719640
849810479
288935401
852409545
219536158
701558385
338852894
334038108
239085816
655991442
20197737
561811848
741434553
106784530
258798288
633858907
860943518
387309522
999765673
216828609
959978341
215957851
758834234
320117996
302709831
850379314
321031796
539076318
107239885
190474646
512518279
608912279
54294922
857610738
736567503
581897923
84275667
953827451
854541102
852022683
398919404
972358422
37089406
180348406
897280870
275235003
321886946
90001405
930939180
52537935
724603393
111893231
869673470
428512288
217546178
911963289
449088100
85014963
868460360
758801470
11398512
533978307
220207037
198487321
964029475
887722080
344326753
896274429
353062315
423483820
983159917
110819510
268218209
86182920
821974966
481046449
532036180
603301912
18087845
500146632
54831152
477723900
666686040
255105993
479500967
282901163
113895815
798874427
882849739
440879978
112684604
300731510
979243709
554378324
26913553
879417370
234269901
724241956
71805007
644553139
435024561
946575601
120523951
498860463
53988104
639880380
336998458
303122182
851089871
332362609
283233351
624780427
532415538
368818919
587508546
608054926
675852379
740588642
267847554
752896537
476478706
376583897
683355802
929487442
224776013
890973281
684687652
398827444
736356270
185821312
158603533
149330455
472645692
456916048
7977924
77530712
115987884
643581234
739387421
516456060
779597936
532451614
90345373
478027478
803392934
65955480
676267013
656457558
110292352
459422802
621798213
957481022
166774829
220878456
524671892
867566302
831185284
690314835
656406302
95644305
79308339
379512664
684587815
929428376
691803974
475573538
35358405
761467353
747954093
898670196
259951207
442412931
875129973
911356829
332959274
783772055
605528480
513006257
338626693
374988302
131131343
159943029
685424149
519120151
685878919
430052900
64775785
878033641
887647698
27666284
538147682
335845930
212880063
780700234
112215592
729351302
769293766
853199331
144967884
