2
200
874858686
536833099
875776213
999706274
121949149
948659645
246658366
637364538
429998351
544980123
715754518
401521410
784857778
256547589
878692448
868351150
511694836
551771814
837614097
189558284
533273179
607805006
40854425
970318943
960561461
890553862
788227159
589917534
310169929
447623122
216113267
387861343
32729177
782684964
173589718
318013237
168938925
247532536
823953786
785474820
497950223
786731727
905543460
153635699
40353614
140714015
65789800
222632418
259439116
290193505
952311200
335132547
609311083
135482487
58571553
744529925
332370742
205933065
924174382
843341086
155150055
331271079
279650767
12637207
90367661
405206616
100940686
298204550
180795324
855556856
702321639
304028333
561933914
41019208
370546566
65443197
316205555
528421598
817169079
177526935
499872085
348588613
768149728
502262179
92716139
558330872
602327579
534033499
150317120
93884163
19290661
74281151
370258761
147845262
683872741
648829318
817865426
322417088
544118780
186679968
7470397
965702425
483478985
908899206
559919248
812506293
893671880
654373164
709410867
521204449
140783756
433019269
103385463
639655616
216065751
742996186
263985448
602584212
773420312
473966918
324368261
523698983
673898424
799799178
942516204
676150922
416744324
581886843
110241444
162284501
9633534
116599851
216678194
546814941
677121823
427627450
117404945
465012821
899424394
193576474
498530831
610908234
317392200
709786109
175593565
949622161
369267129
842488071
925675040
644448090
907616760
119765075
944725598
921258414
280170906
474125763
443636245
127229066
946821315
361387231
385603735
915703680
735784503
978266749
448737886
914102246
616179491
614130276
28128515
150528040
553474600
500246699
806063996
92542142
674910145
245441918
257839447
893736800
865423264
821192398
980964600
361552594
275952153
622772464
263276419
310560242
892427764
497255719
52881204
586451366
352619746
326972854
336702613
410990459
303998540
134137690
59802261
532748818
506843013
449966423
