2
200
453606835
655797550
448116625
368953060
73121719
417605052
147885682
738123013
190543321
189987203
432198613
279500011
918619757
18606845
260878132
355643179
297216104
499979066
444665098
92445021
616966370
59389792
746070868
504811433
697507096
993429456
504134631
492738052
838722028
665448526
599297957
877923658
765856951
354794791
30033228
277294542
668218914
413585949
61018437
533425795
334805765
917797828
472662243
334730198
881045890
890313011
658037719
636447031
987500838
611412067
843380102
421448915
820028476
677233167
52076161
549892939
379125106
477804819
770780724
117287524
94830686
835613377
945748152
977591443
65931236
127848444
80877537
449595751
345058433
306049578
936421450
676820395
885709706
715493207
798688766
251201732
785384233
994592339
646645667
53066825
381379627
243214162
369406486
556816644
304331947
349848950
572712215
251005327
29003263
12493744
821386804
229968792
763877258
601754838
757863522
319013895
446115333
963103656
982493669
103348025
397307940
571616768
113246081
118989988
200576619
643012335
313493940
433782980
974493836
745671284
66131600
374677839
460241236
397632647
871987962
326043331
151983131
307552301
170527721
517090810
238588463
391272005
484366814
541385792
232298893
773083102
970490754
781565787
632882026
381705059
532780839
928785932
394607471
492922391
850110990
450279399
53749455
323618771
462350584
9971634
859064954
44114365
143823675
826822541
742094798
785723055
424912282
326650012
574760506
393807200
893905413
32733553
169153468
131188919
505039434
530391055
851757677
54067658
239451426
123591464
463152540
926745013
310129466
440473839
764390705
789091823
883132313
101912944
585046385
683173412
865629499
554422415
986275574
923425860
361258752
613099908
216105183
484607595
721169675
61953634
286415107
772158293
124392316
414467678
374978891
920134758
795708569
460317692
227130574
92981828
597994576
54504545
282824398
329070406
805836868
344128305
988505636
551917484
287553716
680245570
