2
200
697249237
891661612
214629335
836039638
239492008
965288351
478199873
746265677
292533372
635989877
680096201
418687394
799567005
502605982
100550532
947587817
541158042
454209272
901985987
570607201
29051368
423336744
167425805
700619100
389882012
633245329
930920821
763978330
455926998
517551503
254121018
957648367
313053874
816066446
125930517
969543189
896717101
514309856
659596021
378872301
492690795
511057451
799553046
757914406
29571882
868859835
860502963
675398331
736680199
100985271
814038748
322182096
982716102
103742375
355468322
706793731
301286504
734565170
629206346
583022366
436740273
436656846
13051155
872810833
774281470
356930036
540346184
885704008
517876343
666256486
892394599
873320593
735237594
350998146
891716337
835089146
984177168
257379671
484792046
969922890
406302363
257641404
760766337
115047783
428883485
377340455
325676515
950932188
885043791
336719097
236144309
141625892
500390825
322390827
691137590
313261623
589447701
290156397
98673185
235872540
187036721
462331944
267126195
640581446
510205061
761465734
407076705
686630365
586223763
113297632
23396670
154956296
217327270
185759746
450661795
936920519
101277057
34972595
959266397
432354356
642771744
969275254
951915818
405181337
823116630
963521977
871220549
634729777
520664369
337505082
65723567
334233440
425643742
798570182
797768411
193282686
620596424
672691112
421579315
755679861
110602550
247763759
495034346
727680033
11523449
316516683
207274321
7674062
838660681
842440443
492069502
94258999
940895252
702534551
103743036
515644107
784853922
982731643
12599348
745131045
388321390
824322050
826097821
829394564
210039755
440365351
290627664
369025464
740649146
91358798
442819714
15168549
623357006
502540681
857305355
614963705
5342974
827409167
62870765
76050834
863180191
644683814
25185222
702262708
242542036
913597529
60985389
910442552
943684773
774307269
98602619
487086030
80580605
792828251
107906034
754347156
146289316
464477723
241678236
294934416
