2
200
96902169
514196209
995414804
918508991
46685499
520058646
440460479
22132050
841222054
450437403
340767227
53727343
962103514
26193643
177837782
773614298
951601685
37787693
144737294
317285046
68494598
662316052
21579096
820295602
740542787
975465873
16279169
686454600
682494617
891973814
754747019
696781538
767858294
496165373
322160053
408353865
141407837
659516033
774120110
589062380
237554315
547644234
792056981
243619921
497210450
677417724
519607432
327961250
435324767
56575668
167409603
280994100
210714786
109128026
236237107
555328047
300647447
794383443
480772993
768803900
810416762
887113225
488335007
622663530
868160472
792369220
748320268
38395500
898090551
98862095
652728351
837939889
557865019
993333111
955478931
373573512
747799524
471073582
598800577
424189406
451602571
261119408
977441161
210539774
800012121
935170354
209591676
958089116
72193900
190684440
270726086
26199262
614895961
205504523
435912761
597727473
223183345
592278068
79314447
310608687
785406385
670535546
134922164
567211017
752220882
739146567
805808926
329270339
331332087
970983191
34187317
134908979
567246883
294028010
280636220
80310866
965083249
783903446
685156423
642340922
214613268
175654547
587768963
343099736
330165808
230051947
2928918
508603865
93354578
229015335
919323306
536621141
354252925
434503390
364251817
740789982
797357884
951903699
319737232
418419674
258421810
62972421
391701392
117664280
637223841
205958165
723142330
605586685
935405189
950917377
302480960
300586571
537982029
630038722
837621236
137422402
270053549
156171411
677153243
990793797
216097036
416656892
971929223
660132647
381779140
557892489
365463623
976855948
324265361
12884073
671094307
367620677
479529665
716058699
164348311
895175168
199821303
853953364
712032584
681157805
669906025
710197943
681371528
986097680
610260090
559250620
561813410
169834595
357850536
666493704
838083113
901785079
345753612
769176415
459870547
75064413
629930783
49937801
499495367
208597181
