2
200
922271326
364364332
861250862
681279957
658171578
264141301
724675520
823692661
102438890
353121599
896742581
373377647
194423971
145043227
404537234
901943965
74458992
563066029
248843499
518257686
848539490
963235458
836674158
834182877
12718666
653990630
201458673
856772605
339805156
614863366
703685304
280304997
218016366
316313078
819446320
13694469
946242084
476192125
193708379
741117180
863180831
558865292
62121788
303583115
384783159
953154999
583541520
218293646
509496894
382839319
822682542
388684508
471010986
992016220
203664324
952212372
2263346
178510287
259498522
151023442
597378761
984830968
339285015
862301903
53283885
995392862
598518578
596665702
327459836
382419713
867554720
89818265
943249751
246585521
555111254
636042931
605132530
273160407
982427805
431471357
685881812
934219998
817367721
759386543
527187612
665774626
489448789
562682449
404296580
710055641
307707099
781974380
411901413
40572441
627582682
650993762
471611334
713579722
716015759
60630562
111158565
421378217
587305156
616035859
711945080
420423801
240796742
315097221
541447749
925593362
927510397
170307988
215999049
565575746
171753738
349347972
674161419
492834058
452524459
920359767
442415121
29208119
451828132
57685306
126666335
659572037
586713510
606842620
492132425
576195523
420735514
831938498
974609125
895946458
22050385
680146782
407672190
960059636
971471456
358936180
616935068
675351560
318178089
70220601
798238781
255685307
611378118
175023998
910069367
568762686
352544811
822756848
711725255
689842484
33712228
461939822
334486382
196769418
482803006
907538151
218345172
434789426
847083417
596007118
858027353
705492048
951769044
390248862
203108815
229716537
886609628
861939211
152735252
802092015
252821576
669844444
285746325
125210413
543053811
220206218
323583074
849276068
639310886
621381249
746170114
227319072
314872496
138193636
488671715
406256754
812061349
945062558
793072837
903943237
562550778
213013547
44013195
915618968
636848678
585354979
