2
200
871286621
589244810
335309177
307104887
817004333
347175693
871874185
415917010
791861772
766157429
788086364
282055254
892399130
438646400
615182380
571007031
521032505
977234955
546423122
617200645
635917264
45303906
471025884
78167210
447373141
481090169
461009807
249954586
111423844
316001909
260112071
535644906
367797187
993244691
42446657
65942692
380908927
445470396
987891769
477182179
911113267
929856669
329849974
895794056
905371404
529017165
901211203
907048821
774265167
292937100
146288842
289771915
231620821
514853568
858827893
123756190
778794576
951798068
621622082
871116669
86803099
443757063
162825595
114287024
725456405
357790863
447067346
934510934
391222936
113549569
100748819
459895879
230217386
131238867
854257980
392643928
974714404
878190920
530386133
308837772
541051984
717673712
161958346
204351864
82800388
34398504
773865093
281054654
847694708
654076260
670127796
298894915
573144336
404647752
911125053
41486125
263073501
587570610
511199417
631518294
694506853
626777601
274870780
329099669
27230142
556464014
593496474
680239085
373015533
288441736
677324917
871591600
775376822
286163295
213092947
525548360
143114141
997909280
14746683
314088017
75152051
410343807
875612198
916884830
39179089
544094176
604737314
551088356
287093904
70549931
57939112
98982537
374594717
369271320
872688763
609663365
160391283
56691655
735642751
275173192
270828106
71618186
144555446
598924641
466720483
906182891
233125826
525509052
224058996
524410145
651514981
685767469
382801216
494245583
70169337
108182153
859097672
957669635
272985299
857815183
662329533
992105024
812723691
70750045
442939889
624489346
584642065
172364172
909961546
542438921
716269589
213160348
388825181
423319010
832382199
645331048
989692145
164153631
364048447
592108127
83676035
40683659
326744996
441756308
122339205
779234279
918900265
273617635
294698466
445140103
599721021
142029733
423348053
456577842
747432585
629392295
213207350
358425530
543318507
186146286
