2
200
483312691
989875792
327794915
819642082
151883467
634799127
883037584
732228803
457170820
987712650
967035071
763725569
443216432
938076772
114544441
9165812
555335180
190158954
297184834
514632774
611782859
129610438
529974234
113765722
960907567
969413926
607054364
225468139
95951597
501200927
650499008
294428999
573103703
407853879
740589535
435806338
177823917
928024727
155954120
482877031
856335773
545926257
351923334
585174212
903330993
294081790
717524238
47137884
807696485
388881888
994508466
920301120
356668855
693082879
537503894
529313884
841329592
406676913
850834823
498699240
702579855
953960654
97603121
46373673
26884907
873275175
707582269
408502434
172270265
43143737
524126789
335336766
271329586
75907806
115360147
846871345
934410236
60948916
506904044
226887001
434799159
856162703
557000578
155173895
857563101
82866153
73571431
276612124
474002938
131239209
839458414
788976407
906673207
31613598
431965265
291064992
730768377
97443580
632572889
476347568
568124580
828560379
575788569
5205614
556199685
723099907
326449575
248637117
713837488
139276375
394512822
214298864
603863882
761417921
801148744
485899782
602827203
493058135
80614971
517868755
799684912
361008717
698775471
841301234
291382154
455774852
913609810
263094406
147482261
289873774
887804811
501967173
29186318
435805034
265061191
251826534
604344097
285816813
439061165
223492884
97173263
203230324
967903047
754295348
222055199
248273506
787574485
977801673
915036316
308833168
911313933
128070721
504221081
732850644
496558916
365450428
958599798
823754036
884276633
479692486
663354770
422647174
412265425
128877913
622273218
924581519
419260896
53830189
978743902
325896937
429785395
899250687
863943219
595466246
397698492
903749754
686272404
420353986
366970021
677863574
138888975
33304941
822931282
588808760
285974096
706337844
152296719
392412636
555305022
678106077
109466136
132037263
144986057
283217467
930533629
458603128
263592348
414415124
947683475
283951533
