5
100
618361503
528272090
310348650
90815308
558576450
854131691
493386046
717403745
627746419
716120731
573526542
325457287
670819194
536556063
799319825
858444746
68052948
125226689
823239166
985052491
670577237
830599888
646907949
863849064
797113365
732716281
212032061
439431901
831958945
83777548
377441627
196979836
758224112
381583643
612930716
173211131
12745940
65912740
683189989
244869701
380591231
872936472
106693111
358063035
896252345
872224676
556352335
992357510
227638289
776282015
508814170
601030435
922898942
367646601
46687783
725061994
556660676
148529357
269226238
882598943
385089630
515685087
627215941
349425121
718390107
875199849
649847685
535632789
932189976
569138399
642083619
220278341
615276198
499641601
662806712
151334247
444558797
272073052
571760228
194158160
502262247
54742050
547143179
659971397
350779383
980814213
965917279
240135874
403271700
571788937
944185883
818328881
363312994
213819189
42425308
985879728
712123077
856560109
795365137
866771701
