5
100
690501733
963987507
662732258
88291097
485305909
185674385
688910811
644245718
471154251
339741902
530863311
215703264
458597238
839022988
662300721
380203735
217764982
846587778
345018850
357638019
915772678
67638021
144583461
398276083
462450891
232860989
442224604
464459916
365392881
249876794
545800702
980751232
46474678
656285362
444697325
291709508
412907798
916257632
22598649
836971031
833986347
13197929
25228463
213521134
116377019
647718978
35952703
277864106
662990591
267245297
169728445
935489484
426386730
649687510
726984468
41504591
903207399
132343919
104669780
308282044
998756588
793356783
490221302
433840750
602589247
362146226
717344630
189115291
354657123
343220362
591170253
555345585
340806641
34496961
891920949
24614660
119014979
590178032
778659732
410299055
429980389
304914724
754444340
277222823
934348321
144032774
77378393
544241535
304071913
113252106
228015087
918466176
187199557
167153731
978035189
729329388
727689327
697393223
128475273
781288405
