5
100
536110516
470305008
433706233
647875986
810205056
345803269
826118807
444185263
860582944
274909506
179523403
788076482
508710157
38622927
163193997
283708414
438687621
12126864
487346181
937975648
783175594
897366094
232501562
136751769
765220268
412460490
196023854
305865880
479003557
884866826
112455610
351528417
573904326
406372999
874136699
587214258
854969209
793281694
495525503
993980880
655215479
644584134
736337739
925099953
410724908
300740393
368359187
150742290
861664028
582907568
216511887
198938136
503052325
805780611
560003915
824218296
875258849
835813422
708058168
529547954
53016867
473549586
311067981
406853599
128297478
115360744
970557015
290401586
603202310
196607910
1687546
954505837
932103790
156846718
550602248
772222549
290731873
783811930
559482293
134442347
606015146
175448679
825603857
447313529
839944430
300710175
513263037
119505735
285785665
300164057
723524310
980276345
6614613
618274045
44008318
416132108
607443257
585583420
896052563
265589
