5
100
629736651
399701133
927387539
131202999
71480962
878293532
716050795
783799420
323236031
425206211
560992992
874521722
126783560
267297758
541297044
882539097
11646604
584726457
375560006
179195403
692626993
464111986
818480084
488574055
575366923
417120991
352804729
216681701
542504597
443877107
803104885
762237970
109351973
621431468
383501534
558996503
415455601
771146464
130025508
859443393
610377054
307069192
617354121
160280952
845219388
1659856
282789949
703291788
492488857
282855554
131508277
198360821
408724059
871024904
374562794
880960402
299092566
119805732
57506689
458322384
310830252
392816857
821000315
174794964
520606739
490758173
663471431
157744488
68058909
172687487
113327626
258167322
441880515
183366931
444592578
222835566
729312809
159990669
325316776
625950164
26214627
788392854
690344034
503012778
170591362
995233346
771281483
685655746
117933904
56373776
970415475
588236002
238572026
98542642
375909164
511438321
204356923
306978449
494741686
280119672
