5
100
272061182
570399317
312452931
754585334
391354954
957461235
722947747
975465801
812248254
363561431
274584680
676704318
840236244
524050747
898002192
129138686
478563030
420080029
821005413
690608178
991596581
333501324
261467509
982592855
344748949
608503088
721045066
963521255
738425212
87514790
196629180
70494391
817267809
794998976
525070407
560469244
552515959
695751076
805339132
979019197
253357790
952163137
187752986
318585537
526756157
894824925
490358097
217523529
408635324
430164457
841060956
942188826
238663214
600208400
456149181
963507507
518729417
598137394
214678070
723346296
130243964
255702572
83927177
397765402
893105193
844770045
513757450
408813478
891505433
520296201
176328067
422221985
948640636
338096233
169256279
511017555
529725723
237352601
571086033
970745435
555848001
921899042
169669141
497455645
46826778
328736579
180306276
932685725
711575984
695146554
437766780
588201393
670401956
663846556
568295253
651332836
645651598
45625444
251505093
905927862
