5
100
567487582
916971861
166514874
736115743
807691990
766608023
550005389
262319552
217423977
904512335
845954697
470503334
149975208
75732087
396934269
97260975
628104352
927229948
504616105
258618725
784377089
970292137
250961940
362948919
874072131
272839123
255024933
555776770
388991652
854617163
315714564
876048021
549278031
13941392
150765289
873741167
651249149
236454142
782205485
251091558
444431268
759265265
92601194
354362595
687605430
572236423
300101950
32272171
958667518
945806060
257161274
775223255
379760121
921612236
386081380
513363227
117160282
65728589
659282650
747175304
279637693
682086004
957008894
685397597
282626196
599403618
218920992
121220752
567168859
85620182
603503557
358831008
262028313
19748939
351054018
176057373
101630524
933600097
493399856
209954787
201377927
440018072
113945538
290863110
229385058
795891446
537321451
824707678
56922178
934645260
319702697
349275887
552694453
838838715
248790986
465784998
448934669
47161275
116743652
837080196
