5
100
653868259
561663898
943144134
464193396
325060810
547533805
728962859
59498731
61632576
509467242
537689174
601564767
259954828
836285804
822693609
684957720
547312667
600021006
777075406
257649955
234850490
857981950
717455346
248243476
394390710
77257842
832344292
266680951
147506652
619105009
574865035
700621009
187899808
968109179
75979296
328623448
203555579
741494208
504497791
993517476
241984936
572725333
354886858
4495140
92882632
238603183
660999602
842046177
294123688
4071389
56088420
702081999
765386946
947466277
145619200
462499270
212842110
892795558
101310331
689149896
766138969
700432791
285290434
983835545
17930510
672059327
738918322
512746030
892832697
904867529
39744612
209023632
19416678
271968403
547106257
801725711
721088786
925926492
425295180
913419577
743125357
500238985
668095402
475973455
882212294
197644601
345573707
730286293
736668552
935283018
325609778
291366955
857702025
613550935
282169670
302384465
88613836
118421707
587400611
572362141
