5
100
104155484
293959536
923184936
615704890
882514736
125323097
268798162
497212784
549789615
364094737
856097142
532543993
466918943
83111605
120620050
317504354
51373383
934780971
805430905
853148307
453299644
348385970
320826945
657366212
93318043
538706716
29981316
473175346
133779185
265829824
732325131
889302289
430656748
833824108
10818785
115057313
844240322
442146169
61413493
687200320
641511665
859598384
175514934
148067300
12670885
497396258
970935098
395241939
974977959
576624805
792259536
760889344
157816438
270234328
480559783
572641402
745224374
922019622
512272539
914511431
875491060
166021895
617399995
583509916
915349953
351319406
290167740
967541821
817199898
174321114
594843599
717608028
846110550
299463889
761147652
350075907
403201485
318672486
448570014
429598890
807674782
984389251
647316184
932767180
320434310
876325117
203884283
847166306
340606712
194535383
859916554
227360659
420295624
280551081
828858028
655796520
1768397
706280779
26002557
881361634
