5
100
22642934
226435273
748543678
11629261
758694682
373768775
880940453
323256054
907370961
967918431
101724945
959909457
81439345
779664170
674549943
200560922
248135639
394133360
641286067
37074568
1899315
187476250
52552745
530882944
549035600
941102010
90093788
17047031
614499480
460144221
882196791
73399008
898368642
284165709
61379470
101153728
65364230
245235642
265650477
673374118
507031284
994601497
828913167
224345813
518762613
434544862
595606850
643728887
445605767
813993574
829790430
193887672
508685798
726204341
745935562
506619120
857043410
490508945
25535814
822492183
26546638
620718313
424971565
291900495
160403873
886196467
288353045
297608201
147234051
27285405
824556229
451165673
669350175
926894011
330910988
967574985
385941302
681290543
366867293
599474100
625472847
580464619
52497623
636641334
109048735
696021348
414974875
479413226
762206718
13129977
863380866
911255115
35787700
645262647
16849252
445822714
309726717
430293217
739465502
719637488
