5
100
243567146
475688228
670819707
941283741
666520510
149943737
304297942
917201073
377121043
109173207
82040165
441500763
780360812
220337835
293416705
899706398
21971126
972417616
305709084
549885204
756367712
884156072
66038964
882988376
656653778
190551454
754546872
63751054
207467024
405940849
619043022
336121992
79697177
467826355
542083562
226112761
730694691
985466698
938486494
465905630
656522438
186173443
612173762
516689275
265164410
715838072
611960674
165884450
282043383
866410661
495665472
511699158
812443673
357151796
86744979
936773088
72722980
517252128
302898256
606320820
648811104
936423107
44528408
560898420
132107272
596376094
953953991
14189227
7240996
538967214
906038942
379217063
146812826
963239023
916318356
709459384
956614645
318030858
228711136
943619426
749705512
564575355
646295006
3341766
345910743
36119698
128106180
886840378
637481387
42460004
27129403
100022394
811753401
940376232
753274412
431795448
69549432
238832101
140575106
153176322
