5
100
474664925
474774317
708884427
882286157
96721121
374593983
490802329
621116341
198539233
630847933
20198637
650175706
897643755
941533134
903655555
926803802
780965129
642969367
904427998
949811338
618117124
207242348
16336255
309292532
349748270
723853769
592155479
359784733
386814829
271466880
335415478
140093506
191227248
70648804
809397131
29747168
537482438
444609703
750880528
565414179
222402794
731932704
935199571
258037605
67834097
795821281
132479539
433010187
935660390
954467188
552245419
540129583
507195417
371122171
141552407
262177484
978820584
899629666
315865000
21599328
827486245
924734904
471162431
27956240
893710792
411858208
355113989
575367703
288505044
409090262
854105341
85916909
915384022
702742926
180474625
267053313
833294439
188894576
872888650
985564340
241183024
385337274
950749032
565688812
972621237
69705953
191556868
46789532
321849965
741170683
621951556
804196167
160147897
964666298
647909827
574118981
628124670
408397290
222334732
737029356
