5
100
341326674
204479419
392806505
9182117
180885579
785705419
55645429
391114064
979825819
89672063
332959687
765770387
973517198
863323800
440115347
814296847
777778982
507114823
794138853
922839152
206800654
653726239
457460282
278657353
665175293
137108671
270076743
325382879
330012433
258427257
930182845
324401238
234231054
369728606
147214094
54087415
448653635
287168088
445579571
148363664
433049414
454599870
56116270
192610653
950297292
914302133
679223600
930594963
961532804
870727400
907069924
188908091
214464646
492533989
860654165
245356838
587137887
451436405
181945333
944389242
41487971
291705979
661862345
56254874
487427605
6772822
395742157
906473121
230902991
566112217
438428156
127121968
624134858
504776359
722360520
741470311
15601841
822109938
701708496
66659897
34439251
743092394
195185618
549524636
225920382
732097809
471272447
573561281
494754119
405689976
656301834
862528155
535463470
626111205
902092898
510322625
490078822
474626637
874161609
975370409
