5
100
627608305
893229923
716553482
338136174
60760737
473595995
871683976
87953902
986857569
51055657
35835802
51497781
599502329
264874154
76562832
788850135
787661859
320281933
816321637
875424416
560912545
583175427
135694104
759725647
518568204
72858274
422496940
639506304
139938448
371467965
495206153
712532446
385488461
321640655
161523584
801522144
374411471
82533359
407898656
164947702
452079799
708724299
461227925
730001773
25700386
748850084
77657454
73745721
481043080
490927076
237808
573018019
821811036
843892449
449629882
481186123
452574635
508822780
654480926
455989518
597491815
463434234
567723445
227236242
12067554
970542249
928331512
616350647
917151581
686090601
267076150
593275876
529123964
250180421
527801118
170752444
128507446
862069659
837525906
758775784
640829443
94407303
177610845
476478096
681951442
794749174
700465157
154090896
5621846
457089962
952588892
677548172
839562234
586464327
572796989
927761085
56825228
610618622
569691199
340000757
