5
100
464234591
184040349
42496524
23098121
910381426
998235281
721838805
821727337
396876580
499045930
738578349
618829069
830394268
45717597
971322672
161566097
682467092
815510517
720108472
420173782
303756132
718601421
123919741
514974768
860224336
555188589
282458059
651727563
481177991
133124092
251994528
989975407
331303443
561805780
812777264
666662873
367437377
419336610
618478761
534761876
698058228
258723235
896924291
292965036
775174618
196536186
369288355
612078349
518750189
275136484
978974864
690603064
564423553
674965505
962132071
71946535
640635877
672714945
846252786
530186632
945130057
193241273
42238085
966404527
624216737
963699772
549137139
910120465
790834107
147763311
373492416
572540692
487915844
666265921
746966583
470941960
421782018
271881596
601113091
59463049
671798671
480305442
647025205
912199509
149166615
323053556
150791943
654790954
869868929
294983052
282390070
805713058
852623425
706751295
797543217
402616668
763599505
610478128
275079151
860223655
