5
100
198274035
153922930
563631966
520880918
780744161
969802011
202319386
85147690
836247639
379209946
131063482
708861944
106691830
727760671
729247937
912022852
752680713
827791499
868789752
505392203
878472545
848623353
763996570
547446314
46322274
127679262
750938069
866629918
85688114
963107860
789358912
208041769
164693963
295408536
634942285
588820342
905397317
882060810
85065772
166965562
38116259
132251725
436317576
615958241
59603333
135788748
7961255
529787767
269890327
845574670
273536962
47777532
812164411
696192644
784459040
660048452
901666870
59478194
737748414
499195603
631037355
915870734
516951421
808576155
373890552
635472964
61611456
118238294
602405518
896644856
705016184
423594820
256798321
476856494
68509081
744176011
345798636
200312607
838421442
435112338
782418111
55022309
588769960
156320528
607008162
758230517
874859884
960049124
936559480
485672659
306508676
662007384
282661064
280948187
795054891
330302772
781089975
676868036
357342215
922274647
