5
100
229371130
815096625
353625596
957639921
555954493
173383438
124229231
144876976
999977952
737055334
854659486
573993070
503252767
368323348
709784945
455755192
900854681
814988284
551711587
635028637
797870517
363477636
943395943
510710646
776065813
720900712
331240264
25198666
190377437
50491701
113054712
23789068
144946428
431488448
691235215
40550803
800955578
748244188
465016609
9272730
582716768
305592726
295324294
501930899
341037068
116618468
449483741
61875050
440702051
528989631
982570924
371704000
258864221
936824393
687128377
987934220
609098543
939465628
799708464
227179807
592777912
123203038
657703097
624672150
669119399
670560459
895737173
146035659
346965442
246330722
242245777
271885409
994603322
176406842
337506743
808340170
430531708
98916434
746439873
150504766
696316637
197924606
582316249
522948851
71058471
322490146
20962051
998848114
523221059
265979524
651931181
164835866
124326055
345033590
828429666
14136567
361963503
822830439
876548623
61402074
