5
100
518518493
319468000
921524777
321713638
513950162
360677849
687002024
906006509
359906519
375718647
642602661
232519268
655557680
606441010
185982251
628453491
989593767
228000691
453684116
960790522
337995148
823349226
714276233
287243800
842585402
320053267
646688930
124261666
748805043
570667049
329068253
609154948
660574778
44951384
559793355
128733263
542796799
224269674
59333231
57612091
577879363
480419070
943085610
378798085
613523458
557515602
609360667
237584921
206337493
88856898
628398008
359959770
548088637
888595626
915860241
380343041
591948145
746118854
13772673
935858321
582777459
616750084
494899665
546850361
914242054
154409277
697590943
552792364
459310949
351646293
91268858
529568860
148712074
623100894
651631283
646183154
699148982
275007574
869291596
745047807
460498981
132183270
818042111
53698717
301115569
699982967
179537229
729726115
577074507
691916969
628166224
122905750
928633611
373514377
152598133
913669356
460845150
268614338
95217246
523843419
