5
100
357979025
715218362
571809142
316502801
85698957
596386315
892832436
209144588
124741829
691368873
980431714
843852344
832040761
572066085
706767670
463673588
803484089
542470985
860461715
586067690
913251754
839699879
129434206
851986377
826118173
805852480
529138172
752224968
234155087
474732598
888195756
671307436
583954281
881207707
465584127
693568564
307217032
766272419
324685468
428610439
272154092
949662571
878400633
904107905
796147336
45700
903285290
269854138
502066790
274291064
727573850
22288566
985018109
14467420
574699735
39848320
31365193
719734369
890914968
105565477
897681845
409747182
912610949
301194679
196425399
353721617
308755646
162897262
6445907
995716663
416733249
255816567
141677940
829568717
154932324
514437886
897464197
633039474
27476082
921059944
225743081
330935296
456749101
211528362
94561518
634489688
553247939
149063939
628768480
812227353
909400536
798377400
586918658
557237799
997667752
870595988
35956389
765255538
843979540
750369609
