2
100
526776490
887061191
557164085
89485625
123516769
583332360
779319309
909907957
841681094
778915132
533652591
700678322
912032912
834748870
688497947
316173571
943953518
297562714
139218269
869516915
166527384
272676505
490673865
893112082
518711702
976111254
991166068
189167948
611684691
831801735
213128293
178006760
210292003
127305197
960101133
116566861
23005029
781072830
780140962
973213513
531867778
425131409
616043836
582313665
635094815
98055
548320359
194817111
604006016
924522784
58543568
384222563
163218929
947039491
682939090
942247783
337339602
914283641
800201027
514369027
214100221
89364557
638045688
359553745
136939689
744816393
986138785
447203994
786817092
842422356
262941095
851996642
571082415
295405662
917534901
320197233
213164679
273777560
197122050
978869160
86483407
933902472
767555464
383102165
421001158
90421684
128211033
650771126
300148080
476787004
164786903
96791508
145190195
79393413
994642611
772345669
883940031
782712743
340793564
686306805
