2
100
648772231
612656441
54326563
771272239
571640282
373312422
407307006
94671482
494532463
944461799
558535869
725674077
55817560
455422218
461981451
654760102
527609267
34096410
587345593
943611127
689227643
525900704
213598239
516895625
929514009
458035954
131692910
687133803
959161710
523928592
461244576
870817211
948565337
386761966
68488304
385024192
981499141
526870043
673802679
845477043
822054619
27503866
372880005
894663244
269085258
936760816
745064137
941099652
294364924
27233138
862413051
69411694
769781579
458207110
429040012
471752296
266021472
596473107
217793955
599761739
532346600
269598326
239408317
448753872
681578099
956841119
131852336
333009668
274320336
341702000
339927491
187399246
474299522
844965299
753756725
655503683
278970332
466546224
124839027
607550448
500145526
5632193
657211963
727323859
532865972
982218979
449546256
650142134
710113768
518138572
489357655
644672411
344792827
399157736
610769517
426976176
401943454
166001103
258133865
308410798
