2
100
293520422
394132114
779300378
298384091
494571236
126644026
226712322
432417466
458382329
804466338
256686690
371575368
472635862
307680597
484546254
489771457
944220797
656188190
626091221
438667408
159511422
967059705
517027395
274716421
835447979
17241065
863357194
94312560
143730644
46716916
291990713
269886751
25679179
40362715
464841471
629263643
95884138
415951517
867143159
343999019
189195841
811595773
992386869
628973973
778738284
374117595
799587358
73977468
530871333
736885202
43120369
572075324
201922794
467730647
662736876
444546309
947595728
921947619
580970726
776705469
469200995
669506293
351674961
116067192
471159596
319236269
922950683
150707571
23192916
886344215
85500991
411360850
340443850
609464028
173106742
760079550
431657653
679619491
97677044
835694171
72102929
497655414
810435573
211688965
719858916
912656481
981254406
367932449
351797587
558727932
128618911
438316191
295037386
60623616
755481064
138686119
499345675
835227108
23658809
679189159
