2
100
806444022
419640226
685997398
280231684
362058491
692791006
395065188
345743754
759893345
943842256
943230194
189340713
79516606
794632849
753452773
20732728
265160675
520444530
120056368
245887119
253253385
769954723
240993097
96337631
17824961
540755161
155671603
681915331
530087847
448506634
412536224
159374212
350219712
463311029
459317739
51714827
458075352
267752723
455032280
776643855
829334922
661185420
319854877
355936944
481039163
882371251
967256104
825785495
267856930
834623533
441244234
395111602
845508293
594380032
797989108
905081709
281569916
8766695
744470436
290490054
577935375
135945222
205122088
485058302
229660464
123729209
37597889
349460664
183037103
168687158
113292576
308674859
469706751
449686286
346573837
661542094
404479322
882222773
424604814
187445287
334521381
687121383
153560739
585852198
99200151
636961477
181036425
568829991
182314857
968373130
922368614
435185898
43556503
844663338
923115816
155472522
157995637
137253738
75434229
759100273
