2
100
98294090
111960836
739619972
202653502
99984139
952721516
856623571
645220274
843809200
460768019
727000412
962926753
212024848
561535768
268296400
838776410
767394506
317365205
606489795
34316119
351330813
398791969
459873557
362606297
376512636
807537773
999226585
340985089
449163721
776520037
985145967
527509819
592876732
285699714
430900780
453606183
430188730
85137353
872723753
872529873
187090528
51168115
862184878
806485053
760619321
331538373
229017267
269972915
265849492
959235526
533220605
663903940
928520856
353549133
30061775
649169637
921944275
313076534
666526287
221029402
708080927
617424728
213123570
706114180
893308079
749417632
150210851
259785355
321270928
10708069
331058696
14511298
863902618
79714622
43232888
370442818
989364657
237344961
630298620
259867012
973614970
287336848
294284934
889269607
552639210
578223201
211495375
344432622
285161433
392348126
952976928
918229587
886623904
711155473
796063402
480319736
621493557
499114958
455713719
351089333
