2
100
250952150
337277185
854945709
720633164
264334905
511012057
809711243
115839924
54245241
179150970
708985163
812870287
505253143
445331436
543170634
988879828
878807490
941295686
203982601
584701507
652846616
618167353
135477073
414614002
296101816
951870962
884286956
281868530
512307061
276839213
601122449
956178756
398428286
985758433
484008759
548163683
516594236
623699208
282384026
192962102
208897255
597627793
505030451
219233477
616221587
723162761
917283164
57495820
734579911
809905615
542594703
474163417
600091344
597914813
612891973
205353427
426583514
314310142
357670411
506062735
763724141
963334580
243402533
228884415
888831965
655368528
644421468
136521053
370446821
763388481
196975828
744265053
302886463
571028254
310668546
124502790
483641823
378473428
445933717
185722708
831559247
731148994
419977098
35263115
514785412
231609143
789382492
888550776
539302384
216135891
581910208
926739504
951536498
848141754
198743771
348621303
75945258
31332498
994151171
291339291
