2
100
271442671
60471348
707168213
966151268
618996970
147363868
362294039
522999794
23691782
231425096
431899939
228723251
169406213
556527980
923848251
527464025
983735954
493247036
98866404
531389136
604302524
619490675
110314793
391598811
597359483
586207705
535100101
169886405
846945269
231155598
116687022
738638701
109622877
450233298
924636779
828730661
497693356
378781596
595927199
282829194
626301564
918216484
946527615
620573464
934661618
948312936
291194974
752025121
361663871
655497707
955385621
661577744
317303328
133327246
781707839
277578380
583928947
1956941
124134529
673263000
774542387
111061318
62204764
935385271
647839967
763347773
953638951
561082777
720373647
785963976
131839725
916103878
841772393
73194232
577732963
529547747
330986031
969333670
505986226
220869493
580242818
633801640
263956909
555532013
138067088
304042174
826779720
529596777
638686419
855870661
542874420
185393784
694165851
579573453
899486570
381970294
477624487
180009657
91003710
514613378
