2
100
13652532
377804114
27075723
663035740
892526135
509887480
172251185
530701533
68238768
963910340
611355417
823784286
105539758
809713115
60829609
18752798
712567350
918311687
634437947
977491779
721126967
71652809
221931226
177973894
298768604
107320296
324065686
146696931
959178638
978692564
423596391
86000071
820210240
335778698
489481110
858980880
995175040
95664842
558776219
272372968
538698568
427530813
494420113
409181323
885381957
538156282
481285544
514092272
577015871
650104722
104545346
467997664
198725206
536886736
696402176
201208997
248567431
893286819
631971313
648880459
533835194
916889661
142692293
80175493
431821308
441116372
4482209
47287505
926973532
536946763
807146530
415008723
362233930
565217768
68281704
661230376
833577564
946305782
629294158
244071702
231240714
879928722
373580076
768127464
933361403
137655058
247033202
300834322
62881789
39756544
695101662
82073089
566643018
758507128
317449364
664109070
787573098
502013900
734325309
287709264
