2
100
785035126
942585805
780759112
197853338
586698581
726258769
772729187
504135630
723422027
178698921
854853431
544643945
400184017
113402721
818772244
85765877
884864188
493118289
857124497
695406437
37285742
660773362
190335816
825769627
652269370
426546749
760191488
568428588
692350716
119690438
500571813
365475715
856641875
158268618
851207145
560556994
73373558
275016333
264877038
990285090
40438525
50317352
641049
844810154
117273978
200848252
707736871
212773931
166010155
446040053
682945110
779943770
299775277
512989728
980642030
620765077
646173825
319628684
26631271
492641564
169616464
472811125
338153908
612338233
77067788
696296973
495194526
271956621
590447568
71703189
815764423
237770611
391974262
580635263
694433592
565841111
702250699
774330442
30193332
596957351
107641324
102095913
375641984
743409440
136926421
103363303
501155407
266653602
625387309
554571906
374511572
778990569
305867236
896642562
722061670
511094503
346324938
33227179
893363974
376041027
