2
100
954631452
684713474
266551082
460081244
902102312
680315432
121667911
646325412
838909949
465374886
445981556
207254530
327033054
553851761
805875116
671273085
402813374
227331801
826536819
397362724
136119084
910827675
77979182
330759487
459385495
569849361
966311305
416666178
187641834
722896939
763859266
274991359
135575475
180026132
47041520
422909620
560601477
542957065
41848540
997937414
89347974
709155018
683419666
488382287
570266943
413844462
500791749
55425103
188263258
118116105
329076241
995012307
53293854
324890300
216296039
866927066
42969189
229009424
996001240
905594276
178711310
331110948
397264301
179349586
254872903
77501623
648042868
501091357
29619214
738882101
837466567
178463321
119645742
380603035
497515961
659520104
422437639
480622130
43208907
985739997
339799854
763800123
364512782
862339019
677959304
332060277
103100197
645276649
8175464
265256329
259336183
465580327
61163642
773234946
858881522
486189047
261778492
435979497
730953922
545774074
