2
100
559400602
392449778
127067802
96344201
628613990
372590751
310002288
285029779
339454741
714043276
577418520
406099971
36012319
243182226
534416417
269805299
311591621
718878944
929110962
878927109
218621113
724410890
106665934
968102565
248483284
908961698
193682192
237122553
226193113
416353457
663334310
84620171
970519932
288556706
437340450
506195630
823928899
402755902
942060746
717839484
171804922
481104610
185691054
631296843
213200443
516376470
940116506
191246912
743054064
113570255
660492522
957955845
866062038
615056847
793718375
565801759
255240590
173383897
993053460
634773858
113925176
627970262
392979611
752764857
844994633
597359410
690218872
509302902
747111863
383515388
466425377
339775102
710319428
476194630
383617240
513223493
1468858
891369181
179136077
577487339
967915386
166087585
904438299
471348496
585821553
545432842
593365533
657387331
766796704
609746139
728440141
110270006
953361928
30509166
674917329
120049117
565711693
142305012
903454588
317564355
