2
100
178437411
972806107
746786475
140163439
194262713
627000190
355262388
240109724
115836024
404570382
190528165
236588554
971963209
182332667
407249036
825190387
692450593
817709022
274822234
715446793
271133903
141549938
74282113
771112543
989971063
91898032
188602112
372608868
632580077
150244788
542933468
33317655
946349628
48162925
128629095
509779932
210964123
624421922
979250974
50127087
341546947
455519650
924306934
272393219
185903409
157023792
543047678
771404549
751260670
835030829
71579438
322737161
40105676
307820441
869037508
802190853
230570817
984190194
511039259
269134123
319711945
28596118
297796634
913764111
991424044
891965570
372250263
780161095
191868695
431930936
840949702
405927210
945655747
875583884
297428265
762161269
924012031
346277661
896390804
342817801
358113256
455405037
396786230
734466534
384352876
7244020
68552634
858754301
631346261
722233636
179524899
391396863
417757592
206642353
485961777
60395256
89296961
937300694
171382307
875078582
