2
100
608210202
96842597
607144632
847440540
71704863
2835582
75404333
920663998
224874782
724810864
477347566
390289047
952762837
149065380
318027960
352553491
809183624
850605242
636613176
969883926
851004098
626569799
277530340
847127971
617901405
896795
698949263
790107687
970561608
290753750
9225522
685668152
721084932
998558160
417135578
614301435
143091391
892170071
424218248
383810506
891257596
424069742
347603404
764431878
492528219
853099122
512183522
62607350
426521190
363296624
359386183
989130859
927495061
180983504
558017142
31080004
914185267
734939576
26474645
383469432
942192604
822485806
544185685
576251905
968033720
120530609
611126040
900134766
784187431
352504007
996839494
674531482
756548715
498587160
234929336
207179132
126750953
346512058
875709605
803201387
665867930
72663553
63550725
296569926
880058988
577534127
973480373
487027616
229602116
209040984
479079942
852046997
844122863
692471987
770507102
856091446
435851902
573187724
271930975
426788222
