2
100
138201695
595557970
720113972
275259979
600331850
558203379
981712329
585197329
882362988
771463684
736321314
733788704
447076759
365319227
140513418
902918036
997559751
635062682
792146107
632552632
309194814
291756288
776881777
881038721
998152468
16920565
482582537
977210234
663821371
117918443
122996302
645798036
959020185
845094098
982477738
656330235
730095688
260949114
369329770
925270220
530290335
603834350
50236304
991564456
174658537
267682304
982285662
782689775
876586846
496448556
869171916
757947443
537510251
902701558
830852976
130102818
579290050
576961700
516175206
227452651
136101410
116712651
779015102
102441903
756446285
162874258
576826580
637488240
35468754
27794488
942425636
95600798
888369143
474828042
857551146
584187776
961788148
765663544
56850211
465317006
508384653
49268429
996376783
923545653
16493036
168649689
912030146
834769672
871624883
366617675
225014943
900163738
843262440
519357779
88417381
993364796
274638520
800623593
454613335
692121760
