10
200
799146126
656676161
50286636
633062889
545205261
754257073
94039728
626366597
116958556
623077621
622953861
188629597
240194704
296055561
984539228
482830802
146149014
408584714
619419887
379107572
635680135
973439550
735096107
504190879
904182448
45805976
106188787
525535691
463719029
677397884
356407893
248901600
551792776
349849654
433860465
397434748
406087972
909462571
155111871
901012170
829833539
689350796
319469790
632115998
607986129
696608896
989475061
476307563
64054607
568435907
272771135
527383431
84017932
859093294
43156043
595599453
123929086
645746294
234706433
1428521
759487963
652703710
925082945
170149132
702758873
592835649
178950462
437012918
463667482
921330212
884599204
326882741
51636411
572815183
336464033
26202308
507871478
502077899
328298423
218612931
699928583
71843533
236827678
817408789
42616222
321007556
465975439
913379635
103609181
48445922
799927761
122743410
890207814
647015757
538368496
183837002
664096115
101284502
415050611
442384559
101878204
533586079
561398821
925080288
770765200
194312958
531193221
401881165
554641548
875796239
909982247
255348729
451008507
338330890
857973510
561835396
406462473
351496147
353463502
514690049
252657922
336034896
384711287
400803426
520657784
670921701
895967602
689454314
576246486
988285954
625083393
238247291
83371848
738165678
973598720
844922816
507748221
401376227
469365130
762809310
878999412
250634544
23836069
763644463
54588006
979200444
159765881
779833811
666576763
698773078
705313285
445474451
247477584
712400287
381579520
748377165
673571719
247429719
501008249
823813656
637444366
18066160
862567108
408444787
397196198
700758367
315509388
948792400
986497300
301743422
192553050
183085488
915480594
483415747
815492950
170046451
222947717
722681405
991356141
872570788
573524091
962404166
979107846
473159139
167316808
374920718
183631265
209513530
18879887
605168325
104107282
642417245
62530371
341893212
165763856
716888354
627847740
706225917
169530588
716904600
