10
200
805555470
246735241
331328539
358444326
257473420
904448170
962093592
20736354
1842669
177146575
894496000
417851308
132868122
237831420
241650556
780153662
995330026
124293119
251193919
566164615
982138203
320784698
793828048
592516770
231230810
602760468
759635574
790976899
480515980
163175591
357161389
436177827
309882160
829896063
479341815
594417016
873633254
908071540
241473187
471040221
824749627
458310938
694818196
692142210
549972753
627838305
18275778
393286971
934625128
927562390
35734635
418079741
175200787
170880554
865233934
45667814
972080518
798858066
837806630
197763380
811928854
325872587
812118726
447271724
60445968
705055582
443705508
693159678
979978930
766923637
328336254
463627327
880244554
10840637
485713035
876491181
448975208
519579164
237673257
189195024
569146633
498129482
736528178
376248533
280694290
738632855
923506552
94227507
170369314
21293830
894022561
683944158
938508430
85760762
722122348
827087855
722372348
31990441
190614110
654009522
502175979
743691389
138884152
715752687
842461988
360274234
544562860
803069628
378481451
112360861
757390664
652343506
731220246
520520211
764145943
608842197
546528569
341015572
831952186
470817045
569604381
263071854
973174502
578968652
916903427
430397867
467158017
869844147
385878243
581166029
291162362
346836494
35468061
661509202
538492843
676277344
208443613
469834262
122318273
391406133
119064446
847221296
518905372
784250094
421278675
408800620
794319067
929603891
160341163
604354240
946419451
991342991
299368506
687942312
485991309
412115274
674745799
757678954
674960428
329267768
434457513
570245259
525484528
121278127
921086341
582690843
407643386
539808588
96796835
809362251
737738395
850616279
898009190
729203542
622325654
176049557
713879014
420623464
246117287
8988947
601501777
585942193
802183183
563889305
581619708
692387163
654529884
866966222
869954909
201022928
776131660
935053060
302649432
858318364
563203898
526757972
278019493
940760266
317223222
787405971
