10
200
597442855
236887338
733324375
385271557
596944583
913325492
169320819
722544513
79308568
261615036
558833087
531251001
584229499
108057855
492171140
624736779
114006935
832969641
776276119
412656757
698515774
619717728
987299061
441652658
179971486
969758692
181389138
552185703
522243077
586176504
585538521
857379555
321799083
693383040
309998049
747161000
922620536
684699654
730550195
545188020
52961736
177826992
631301441
538610309
594637590
749089248
523029427
672184621
319357435
721169457
185742545
264540049
905773862
318652423
973024404
997266248
653598543
303188197
896472901
739618086
727805522
261279637
210669974
224983963
232926787
932093601
340635429
193535668
675670715
404055683
237591712
670179478
968084375
885165760
607460872
328261756
309172009
790562725
303384296
176006144
495809681
243201851
188558993
830448476
213892713
9588287
171366970
221093233
758071248
314661834
393388326
553260002
703870055
969386227
993196138
971340064
922829055
9188114
470341111
486450637
950051976
328104239
67819396
319412137
467514976
4557626
524762804
167494119
551505934
451836331
727130927
193472214
459028265
735543849
754207796
97811248
853415148
629125814
313360848
344729220
132270496
627632201
255515814
749887699
874399111
765094914
19892852
644445054
770496213
167568099
265670747
474118093
358299725
632292611
677263924
285021589
98206160
742566426
484446795
570937104
743151478
84619282
859769473
586510556
924891086
420031167
795241392
729724630
292557759
354095336
147397024
94135574
57046158
146781830
455344556
68277351
562790538
275907525
484632855
296414307
191114068
266180783
943969248
527306474
478403673
108051865
635021256
138206981
422235427
292696040
131555389
692057740
111605368
758345485
203810176
307740004
644113520
432115061
352827220
121967121
825318453
48778857
580748694
353693971
82351114
983075389
741141977
650844820
946038652
524549094
448092197
137498604
729276730
340338913
398921354
92240965
676938240
552494234
430140050
135828307
