10
200
752771788
423414609
569235073
65817608
670072258
403995774
423527470
967323641
485418742
740149735
397411933
55981503
275479930
345049669
200131642
619276727
244887486
860289759
748700296
185181829
90282036
64333896
327269607
547173786
470068049
786477817
768296851
305764345
200076536
181464156
712097999
526707534
829681599
49433409
556830445
230419927
739940416
232110118
20594714
294519693
116374493
423440839
631057667
794980057
899517999
445716429
882242617
580745067
443701119
811498269
293694931
465219871
176625779
716617008
503675546
8741958
155332946
912619725
172379319
731532384
975788114
943609742
173399989
858597214
133184331
968792403
298669120
950644638
102654372
349187197
788369978
416451050
741372015
790298829
154452961
183099247
899316732
27176421
780203038
279844681
919880031
931432886
192620057
784445599
960551671
778703057
740819416
412049973
855674501
418263725
61882316
110822965
462829519
617547373
422975747
991492505
458878509
487991306
468070537
131875514
650409484
723118735
5603508
803206726
364094375
96694626
277848360
576747237
114098719
963376429
283261303
402435491
131012094
121315056
984766496
596035880
11809005
365431300
922261457
110637525
879650734
518401642
530464419
977841618
518510540
709903861
352413523
335719726
653448547
71626166
704923802
317461097
222225481
111927547
806431433
365294002
687054783
444507838
344170863
798952695
735346059
487590001
949781545
955237341
748360809
104099655
325379699
991835830
488128997
943600826
600167611
652480517
859124909
746265404
348554327
170903002
409612377
76062226
512052107
331183323
198384011
460442663
449292296
760614308
600989763
5013730
922021075
271009900
641236975
136860540
778290273
125424589
57305840
41244667
117807279
790619738
290401013
391010368
105258059
715830634
477022400
681059722
543469317
240368753
242313482
33449246
664388586
936583738
945733080
12871134
575486151
74664785
92591217
489928062
370783704
419445782
893560555
127385424
21228286
612231254
