10
200
873645692
755686420
90603818
885158620
527255522
95064028
157168109
249845024
62681657
866333860
695035745
581146179
638015947
524412758
392491582
769500543
950775218
443194797
870462566
344844001
903563254
767516208
3566104
694672759
412905625
825304851
87964751
714017093
385217540
335060417
794888820
368454866
88766847
286917835
345879117
549523786
514882037
467698996
723215084
166478713
188393556
357436051
175298495
732005956
875671352
271022076
462846877
3432925
422672757
114263269
606608428
938781656
939190395
897209290
975611635
494645014
85173474
211411740
498643327
78462240
199328007
564717910
769442741
475029225
253254421
981723366
612969327
259148926
721864065
665314233
86031812
313874819
623528019
652045142
1547200
466842189
55350400
754557233
17203068
981975664
161676639
982626754
722326204
581565342
437263246
284594691
288586003
374221222
272099313
960869590
571162277
776674108
505240939
102581278
214833438
546517738
206410038
412498988
230716870
5468783
721502855
322922582
977458057
912545531
31046067
360420514
828646605
12657684
647394039
382431190
281379374
619266543
761352979
44756029
479848134
569326804
412584105
242086409
885581853
174613634
595314222
412286193
602124409
93981853
496071513
305583526
524566007
840187365
494259486
821203082
316709406
219468724
16263211
775458876
656768049
137521508
303175855
515270629
512083203
272361807
692585922
868384717
131812410
160316908
267651000
744743051
616400041
953249042
654959526
726603822
803237608
563958818
52575098
37803399
792969162
577253795
225596376
327089121
996540059
658846238
917224064
886247100
159654007
405324203
520145317
254334033
351448240
553194004
347721332
667879688
65006329
718804564
568954938
489541180
99271869
102758798
81387842
244248522
250240542
219039085
388513953
502073468
630247378
249205117
273474514
153728634
534300288
110062438
771641750
581091427
331773694
478558266
635024449
336048749
181108173
135386776
437646384
94735666
676480382
175541050
