10
200
784562762
125720302
903105130
780852941
598032555
693037139
293543457
292060345
642770555
885375072
281424220
136823322
772857417
527360835
430813571
138941224
422605947
993833480
628774094
109834055
776560712
831610151
406367765
234051174
52543289
922668668
86645068
197036693
653820052
66956515
935576907
466798921
913307107
39887605
650031357
236150948
107913372
257555493
830854688
403138813
712743230
66334361
762151314
234285502
488807139
546029040
745338142
702824649
173669883
510982500
373607912
958530759
935101458
789192271
752590440
764812204
819498369
39805341
619436149
890063575
285804077
153921040
712390285
31553347
811429319
32366288
222576272
809677950
770759
242848523
763885846
62076431
26183539
527315360
183704552
43002960
917175301
859167687
619764617
385158989
959898902
437889917
550553173
385740787
994782390
406515621
436652651
806642669
37659314
131026638
187514281
251393864
519521176
940357928
431970952
154711446
411234992
578250183
421773927
66500703
238739146
542776148
718310078
280669442
137039237
118003000
200319267
368536945
883377571
213434051
507661822
46053080
34206123
794216933
749026454
278992553
533552088
255899628
811021002
741459769
631883859
1010756
57451982
868623767
838143594
513748765
630675344
502068705
488591066
191807283
400876845
481365053
318843352
71949769
707710190
802444711
674414431
810248284
289736198
969868846
905294835
922814087
352458756
601118882
113789156
709529500
351974030
692336363
975707742
946822082
316332892
996611109
93926369
367588143
388999484
920383682
751249513
265722011
194747782
895014925
777709601
560820043
573029248
946301515
518343370
297018268
351238615
982271105
448601893
359566249
501080877
990534660
418343091
932285333
780872114
540077813
216683125
345581277
267988362
363157402
595998028
986931191
651356632
379225773
504668673
632276682
394982247
344231305
842317702
61801831
728742785
669153940
602028979
846523546
285805106
533268703
179473079
367985101
319991423
162662656
