10
200
378086695
748744135
586270309
559329059
765635142
673841299
463475393
965778012
23297693
674535977
302259715
605281430
838480421
365344281
1501341
652082206
810331913
282853457
577034546
137895733
317439746
144549777
118675828
911728282
587851623
287565643
94203496
674289735
642933891
112210710
108925057
233086612
860507505
582719010
366950257
869203704
943368074
864016204
188372984
65758300
11750507
603717517
683077713
64075566
244303620
321799712
691808951
851774696
506681739
195854313
37530105
869087768
954944693
631057245
656354274
71928423
379932151
451748315
656662759
257922674
436950544
3570602
586698852
548361328
329995552
167244001
117076084
148824364
428202818
8603784
980725191
67438552
172103855
570028177
991468338
967913445
233604486
682289120
780338256
711481838
573705842
829582595
494746177
844730466
95883072
949502505
488794744
33825837
231655409
222462555
806667333
945770070
324187279
370825033
548395990
125975377
988709503
614984641
163493949
792359243
10444761
252822104
999727972
292860619
843448579
51297376
611208473
771253468
288778009
612628195
39593533
798026858
351128675
631970243
836423332
837970827
639620819
123881873
739585557
928354437
336539594
836222433
789824184
365290052
605076391
162214968
175039037
128007065
377683914
695701172
980044184
374909384
61547043
753296770
38619866
140511528
917680830
866809142
58734732
232660253
521915208
401035914
887429376
285688872
69365021
311393947
289599019
252479264
917865469
67895646
810040743
42737601
934396331
710195713
310060136
16536676
177573176
189486620
780409267
695605589
128349492
780239133
16419652
975170719
869021778
275450312
887833974
621017756
729561038
213543726
491616758
264657453
508506205
500726506
102462039
380708315
414446546
167643349
24661040
578919619
16276809
99339061
844179831
361433439
779896650
762712087
160779332
391905388
891236634
354961782
371303252
602626389
608158840
651024931
318784688
822354893
639622285
830262314
527092512
644762212
