10
200
593369982
509573529
694154599
317639774
401636411
748232715
327413327
228737053
634503153
413958466
30612250
890732832
306129569
791922109
90164902
696953143
63310094
899257100
604535641
157861307
221400170
687122342
654020569
182426482
47717937
600509052
952472585
444008521
153652721
270363159
363908541
347690107
179603100
721887385
86699478
222939895
88698092
729708438
880015640
177690941
275837024
658662804
215591370
330052302
381972051
563487423
849123417
683241136
946662466
102720180
705593654
783151723
43306896
555219335
874166203
253786223
976055241
5807736
100173700
347328611
276026106
674558308
127633770
155352237
815904666
860903961
477473824
790427442
994182153
26979726
159305311
87326258
305720612
376546401
57885202
55393881
473246781
363787793
23705918
611549537
725669287
144665878
574199354
246824592
213858306
851258809
116977267
253676390
704627575
509950285
217718579
67211677
907091028
404353038
646699918
513871976
888643061
936148652
179728893
721531005
827012995
235236589
228368873
556317025
454691317
802946420
558180120
624747572
118061127
980330143
553962453
734452090
938905699
338915029
311309632
242047358
660895181
213432106
519807524
55488587
552766160
870918167
887979417
817005480
390667260
26457426
845243601
951220351
819698239
197017157
755579725
717201395
452866241
287783583
501899382
946858743
807773968
937366913
980101185
473082119
631825278
412236401
526888965
549371976
144371192
529488349
915366536
501066190
25261993
853476771
968827476
469902244
567864877
883188331
355741522
969228587
287096718
997895891
923119264
267142457
60064481
229695423
391912012
999940443
756986206
619330
509687611
814701768
782624943
909043131
325097564
395044992
405658656
122092552
13885337
4348450
696942949
832242636
948830141
840887006
761970805
900791201
479227734
891164954
432504118
278935217
809637779
606905818
374670361
529706089
653765230
910959041
321537833
198111133
538437229
10881277
303518829
857065907
384128199
227154708
