10
200
376682103
974571441
636961286
993278920
470246823
711943610
283253211
87534826
224173618
842506863
821191698
714212387
936006482
30716376
518659835
240408254
976545916
631234902
904608923
236138309
747864937
285417733
377972688
43486779
314573695
759507104
379596631
858472359
318163675
834097033
151275268
45874302
748322728
55928175
248020689
91902072
971235941
191973568
503517887
14803340
390669056
171863696
224355782
932801630
297642266
677189759
605915441
44630941
263329737
159590162
923024080
682074973
687494914
161041388
967941248
580606551
133944487
261926107
479702101
148219976
885869029
474533711
198667071
471905725
553300128
458067195
941784279
362010496
344541624
477306324
164143087
57400836
372554707
265477451
240823709
347110257
486297800
224027374
396665971
772854192
295739958
511406832
630578720
758401872
935786867
700804878
981670129
225457731
343956513
237689085
391472895
130576815
948129677
969146579
636485065
116227371
176490724
726228900
363830973
526788975
846858706
5114361
793575310
233014756
749951294
192941759
776066569
854189239
749089680
704457676
891674191
383326468
590594316
465135418
504539397
462914538
614684299
258808026
146744610
264715724
131873587
218821282
952407225
835153482
430703063
783713518
754351474
273532133
366497308
284511567
712644166
151594097
864688550
541106563
300693
904859924
555919738
115250502
937913111
823825196
794562647
390205709
323262622
426785856
45274162
245574804
459038188
477748468
170031504
674089763
944822185
811797180
400270001
37018653
232680443
696587063
357542668
666022733
246442735
763499339
784245746
541071436
426976990
217430069
668195829
848189471
756005007
169918308
141953478
819146079
708850685
186404000
421644499
107927499
390141691
988647471
749487569
472633353
915292481
958283325
598398717
448828762
337372847
296477011
928116306
357502230
317677624
127753146
72841508
17072047
723585675
157687098
243583708
344595121
817068698
426516404
456892162
624709605
868066939
859121589
