10
200
816569983
965852959
969960891
697933336
574507923
790023551
374649805
284894490
954617826
508029986
63047576
981056997
773796921
492680585
844663777
997662916
528840492
225210853
957859352
893284115
388348472
958163737
731881642
350293511
994205741
892368709
552591562
709184964
297912338
693947431
221538947
525019857
863399297
996905126
381810214
733041388
210416842
520089913
246993156
669264827
789413452
989736220
15418399
495805935
564260455
289284620
373142566
290326019
992499773
177569211
79445168
551974579
354938020
566841635
90584644
602612946
726490277
143446032
722921771
799922557
750251493
965762109
574054942
212820537
268409094
723473632
244709155
942072062
97352889
883315355
535202310
47340934
783745657
698284720
569138672
601747933
403155293
290194671
203214763
137079882
326353078
99590522
216481915
494377923
4027861
674984645
138057607
957659167
32107837
655511538
743284289
99571313
991166879
596610757
537534537
58918153
135636362
186902568
78962075
272712922
793994626
656946060
852445940
183078578
431739502
744822514
360969829
5795282
874132096
922193212
545599519
996892885
997315809
88812068
422468531
492564912
921100334
709569679
692945013
186557758
822808324
171754558
742057820
427394396
403942220
545360941
132892636
502746194
692837150
123000616
755070050
485755894
132803498
224307938
98411243
267420518
173125156
494849054
819062310
253632890
382786655
509758490
628210102
558867963
155762626
493437683
439154024
476313567
304450622
929172671
960772719
262235524
578075527
49912665
498936886
941224415
451532669
306537751
477023554
921761611
564759253
513778189
860586087
917157567
50574028
526028475
840764985
309325344
556828171
87544155
484958696
768288013
788675494
323314300
259583508
410959806
125620026
352835310
805039274
466355515
81469609
95099444
944138298
79190431
985405826
194157231
651799858
923492731
50367965
424617946
754780705
523377079
532510801
648742782
953107235
125262539
619469546
161207130
571925470
988236069
