10
200
132111068
512293632
955783141
179258314
921260131
72119123
570358148
104117904
551622932
560495346
63961325
359382168
401748133
818713558
657749476
906406463
980935726
525972751
854875025
355787887
598060383
638456535
358723325
93280711
737281273
565684385
309208522
457481395
345997480
124523685
234342376
485817925
602975281
929373725
359074197
761534389
298713628
642022910
495194656
950704359
755763966
848433937
829305036
36762298
590903243
752552997
93552313
932680842
120400382
939113429
585023867
868033244
164225041
713382687
160207541
184625240
138753706
866575674
676695930
694685901
917512484
630848835
602300011
121272367
816306054
801289099
6288833
39052831
727599059
763003903
385136100
154732106
985700226
423984888
226550294
302276595
670151875
41324342
268633943
237853460
472258180
993831367
419219698
425095650
424913951
73408717
625580798
875230337
675108632
510828335
797296788
684021738
635726494
391552528
324951626
886512946
804583607
427405735
929016204
30910985
109347393
164164145
152766414
66929729
365396758
577426079
48634073
81361845
902177658
980929162
486427980
498109347
163994695
439355123
890295002
5366347
280990130
618265397
90016769
81317964
235119824
207174523
435675003
694145171
947318346
496843181
935700204
749358727
722778256
750061379
410723955
639038731
943426008
46957931
716958380
423988654
253721681
481763532
898751017
61649963
763193748
214097453
621471980
912112454
54207051
102823568
642664098
406572174
93198488
846694159
824695868
185436278
238306514
383767679
353882497
943409084
884837647
963936272
481009037
256428088
557645559
635593851
155558977
100311420
242835706
549506779
388083215
742993806
466639983
387014788
77841124
271038664
432906094
666352597
531580237
434145049
923706559
673129113
675249201
466203098
314462223
532784762
407317297
578228177
774566315
113232173
41482980
502449957
171960522
224993131
578971650
750533863
933906727
37301369
989473671
122410951
52315702
644249581
13598173
67577544
