10
200
304513706
184823920
618913173
396948131
317041456
769493044
470905574
960158227
984998954
994485298
834752276
311104841
72998230
285510447
889362666
581403934
538948478
403376696
829291853
26327851
154212419
514674520
820236939
65327921
361147620
914879554
475066134
176480441
73271203
247301873
848741298
346084
530016242
697971047
866043219
576183396
147303533
366931031
497244311
182279348
875198766
646512761
515289265
133433142
296095837
862253033
546304095
49548862
919272819
966841689
247043215
70316428
983161834
4888117
584476130
916377048
887431419
536204318
982533864
120032912
34013686
274589318
276487700
360610022
363553395
243909767
405069637
773577276
890016152
522303048
880783614
667331432
173354924
163726912
422581462
385133869
716047419
613442364
973482446
966110704
496126679
515221938
458297097
484692484
389190796
741360161
801212764
781383520
941149692
926698517
268347211
243577767
943323696
959067627
226546517
207387675
924864025
438253011
83827500
756996552
905941804
765832941
513024720
612656177
850320554
796886714
435670078
174155773
342254210
422530467
637947153
221177151
115980280
50417514
34065550
28596029
164934719
791683871
734990818
490449170
344588474
32165999
598653961
563796826
581786247
375111479
252535300
335645395
485317228
8158177
422273281
22559494
862283648
324517183
182743857
434462335
555170872
118016905
500969521
389152796
643478072
619684350
868721325
800824870
236676331
601737200
860129675
286519132
724690281
921788899
112631509
825424207
238150016
620913477
558618847
243338369
52588734
730383063
514614520
240758722
979533342
989301309
488597000
546563746
735829816
877102878
316618832
990813442
940114241
194353115
46413336
688176067
912947051
612174477
276953280
264312703
686134895
133126989
815333040
955931632
28912707
270932568
705447479
520227443
798790067
453299026
107207439
712804519
308058043
737665109
186940890
471729908
716040169
133594717
288923109
27291492
340943755
512955029
437430302
177320779
