10
200
349288647
818237794
149518387
921223440
197693247
57858575
277360019
800164791
834385706
275865340
177826190
435431153
482867587
487597271
705164935
401788452
302199728
949853374
595576272
559794667
64184001
529978586
871924074
24340514
646635234
301719492
340848541
900261963
808182259
753103572
406567989
778872593
948109884
1820933
759640747
102079065
542377966
923173845
774103197
973027812
354864265
641030786
267234352
49512703
907522255
244191838
798541108
679637302
252136409
321248656
743216617
764112761
36623454
573676293
636496097
880607018
794334841
974950092
431015912
815167455
132460405
818406680
149111640
921249688
73814985
12049636
664849498
73159136
28394631
779956008
766321691
146199659
184601368
55936445
6732071
829728840
93657530
121880287
196140424
180769930
152995098
642071014
917402568
16144037
860979969
229881552
312172961
324172545
573601452
625223373
21499457
398586353
465482482
252570324
976445566
44882670
248676653
339994460
333506797
315695012
292211212
545531488
408175138
176389370
271961591
531088796
73476316
33747927
171837716
174265759
354454768
728905188
941615573
807259693
634502761
556740181
686351436
214646769
688862893
133461730
674501045
197872386
182329594
646004606
968950126
123415320
500334979
654069234
894433083
484277019
369457437
30353106
357803203
699739298
413671080
590009931
399211140
648675496
857021763
443107546
361971934
13433400
759029594
816494226
431186609
797314411
524868533
874675374
332565506
818825586
44935240
811405932
892326723
672647459
379173529
385471623
548056976
740729760
41300947
358889671
876574108
990403053
273082610
973515714
689896287
836949204
709694651
811534834
658447522
853331266
256018716
153385357
135043101
925106312
37209875
816521281
8736267
914595962
107423039
803283869
746379387
842966069
662072361
693411821
943567012
371210611
197211086
12901751
936813269
49479327
289392995
864279543
144474362
377352697
266660980
755194476
538423529
859988084
33812326
381105761
