1	0.017325407362009545
2	0.028799118870872234
3	0.03314096268077792
4	0.036660145003601194
5	0.04003079625423123
6	0.04238428089131663
7	0.04432744585777924
8	0.04632606823972805
9	0.04876828777142882
10	0.05014923533283621
11	0.05217993844048645
12	0.053540479764367294
13	0.05546917499642577
14	0.05651935655795917
15	0.05734462773998866
16	0.05854991383316111
17	0.05992231200828636
18	0.06053801428642494
19	0.06107715414967104
20	0.06165149651964222
21	0.0619023084963404
22	0.06261381284071568
23	0.06329018815421786
24	0.06347561961649122
25	0.0639162630620739
26	0.06428113991189886
27	0.06507518369538837
28	0.06572266685940265
29	0.06653073435868143
30	0.06734518059438424
31	0.06788407713630364
32	0.06850700295130674
33	0.06874082850582802
34	0.06900673409627221
35	0.0694707095916101
36	0.06969898152696184
37	0.0698852485248972
38	0.07018396152142034
39	0.07045862477919182
40	0.07090807553799833
41	0.07109471593619321
42	0.07132068104527224
43	0.07148650592266184
44	0.0717080911435208
45	0.0718868283784165
46	0.07204735225869206
47	0.07221200377555942
48	0.07233144193091777
49	0.07253353691063262
50	0.07272570746756543
51	0.07291057760369722
52	0.07303332540921256
53	0.07316725097334702
54	0.07357358538394239
55	0.07384594246189964
56	0.07414685453503793
57	0.07433742888544669
58	0.07443222977565393
59	0.07466710007588281
60	0.07478154529581245
61	0.07509142763087788
62	0.07544169577086604
63	0.07620901075222096
64	0.07641449760428679
65	0.07663035905853059
66	0.07686199077985072
67	0.07733632390391411
68	0.07760897251201931
69	0.0778481296557408
70	0.07807392772034202
71	0.07832737825854892
72	0.07863084581986188
73	0.07888050777968858
74	0.07901010386869779
75	0.07924398598207494
76	0.07953033420056634
77	0.07967994380568354
78	0.07988282006691978
79	0.08000881967480324
80	0.08019559021336152
81	0.08028000402452026
82	0.08037297907810531
83	0.08050507779809563
84	0.08060373386780553
85	0.08085686251548818
86	0.0811250876688484
87	0.0813364276904698
88	0.08149606877578014
89	0.08159072207549331
90	0.08169739881196664
91	0.08180115882846048
92	0.08196754311762887
93	0.08207527039623762
94	0.08217809937333206
95	0.0822465199123676
96	0.08230070410520188
97	0.08261034516544671
98	0.08277469211494995
99	0.0828812036177142
100	0.08304661050414149
101	0.08320168003541671
102	0.08332571973948229
103	0.08343159088014725
104	0.0835064408260496
105	0.08365121204129874
106	0.08376443281407489
107	0.0839428017562305
108	0.08406699142241875
109	0.08414013929451762
110	0.08431467828013156
111	0.0844360821241732
112	0.08451438207996245
113	0.08456640474683504
114	0.08464638557736436
115	0.08470080833144608
116	0.0847977364725301
117	0.08489263257070281
118	0.08494803932153333
119	0.08500932266617042
120	0.08507719492691193
121	0.08517664860012425
122	0.08523470029675788
123	0.0853375187076208
124	0.08541993229169861
125	0.08551995255977629
126	0.08566160218379351
127	0.08574410222736276
128	0.08579057629668833
129	0.08585848322050357
130	0.08605771402294377
131	0.08617769679469442
132	0.08621120452862811
133	0.08627449845162433
134	0.08642668068427127
135	0.08657582967752783
136	0.08670299712606314
137	0.08687933273238027
138	0.0869944058212506
139	0.0870882062759942
140	0.08716492129937571
141	0.0872646702698187
142	0.08735098355226642
143	0.087420892187241
144	0.08757696743579432
145	0.08771882904078354
146	0.08780193267131707
147	0.08787864733056633
148	0.08797696924820572
149	0.08806930887738379
150	0.08813093098485478
151	0.0881622023831731
152	0.08819732275888399
153	0.08827268208597107
154	0.08834743794243302
155	0.08843083960203268
156	0.0884971927675194
157	0.08853527186707791
158	0.08859042508715126
159	0.0886436401402184
160	0.08868369289624894
161	0.08875596225718271
162	0.08880298490135657
163	0.08885729526258163
164	0.08891715611932564
165	0.08903681696477173
166	0.08913973178884385
167	0.08921689087709847
168	0.08928386240873214
169	0.08933282624114994
170	0.08940623916034746
171	0.0894752429773244
172	0.08960984613752396
173	0.0897443789947875
174	0.08980319663583251
175	0.08986833543190983
176	0.08990508468471428
177	0.08996569946969275
178	0.090057067944508
179	0.09012526683288993
180	0.09017153381155782
181	0.09021072146333434
182	0.09025251410014702
183	0.09029440407435581
184	0.09040440910032564
185	0.09054383961416296
186	0.09068808598184211
187	0.09073460991867106
188	0.09081695752983003
189	0.09086339014256298
190	0.09098043362573138
191	0.09102236979624534
192	0.09123895749842174
193	0.09131150368157011
194	0.09135245368279252
195	0.09140509519734473
196	0.09144406360070292
197	0.091486599805368
198	0.09154192624206844
199	0.09157092555023957
200	0.09160882208121301
201	0.09172464180264567
202	0.09181693220169178
203	0.09200851348650001
204	0.09205138331404322
205	0.092094230057427
206	0.09218145545239682
207	0.09225857695170228
208	0.09231636412207424
209	0.09237036509421695
210	0.09242208668871618
211	0.09250298503719971
212	0.09257122110078878
213	0.09261288195392098
214	0.09268174753278895
215	0.09273856998164538
216	0.09278622798977046
217	0.09282586377365966
218	0.09286307927899046
219	0.0928978456701011
220	0.09292911901671716
221	0.09295999972606346
222	0.09304451126661692
223	0.09313589634801625
224	0.09317856001697927
225	0.09321118196360433
226	0.09325135434226475
227	0.09328732333504486
228	0.09338780075704337
229	0.09345255872456135
230	0.09351810820904069
231	0.09356353754701191
232	0.09360692567579473
233	0.09365254698548528
234	0.0936959585746647
235	0.09375417381889993
236	0.09379592562966008
237	0.09382403046896579
238	0.0938656213050322
239	0.09394025123852016
240	0.09400482776933677
241	0.09407297747135848
242	0.0942584585856185
243	0.09433795374749568
244	0.09446114210275977
245	0.09449327916282083
246	0.09452932147579593
247	0.09455988522177013
248	0.094604465418026
249	0.09470508420881438
250	0.09477182017482852
251	0.09481555483352438
252	0.09486138130072574
253	0.09494941043070527
254	0.09501125421273993
255	0.09506539980035345
256	0.09512109476766775
257	0.09517291340402542
258	0.09521798271353032
259	0.09532455101629198
260	0.09536434809049647
261	0.09540480493315806
262	0.09545542808023516
263	0.09558349255990958
264	0.095643373051056
265	0.0956727529390031
266	0.09569843074577744
267	0.0957207465671678
268	0.09574275810846486
269	0.09576616685439214
270	0.09578975549835379
271	0.09581387007571446
272	0.09584195215863756
273	0.09587539020175169
274	0.09590631011447644
275	0.09593237349443438
276	0.09595936831372956
277	0.09597792536256068
278	0.09600284049151521
279	0.09603274793028124
280	0.09607589510406694
281	0.09612918566498549
282	0.09615321628852644
283	0.09616609099848775
284	0.09618144673201454
285	0.09620130964050029
286	0.09623645011021781
287	0.09628484262106407
288	0.09631193685937539
289	0.09634849000941989
290	0.0964356880952228
291	0.09647410827913466
292	0.09649616063071303
293	0.0965207752544131
294	0.09656071610153406
295	0.09666174365441241
296	0.09669292886370422
297	0.0967169267287203
298	0.09674774336307249
299	0.09677164633174026
300	0.0968232537057487
301	0.09684435622887065
302	0.09689986280652597
303	0.09694614113115549
304	0.0969825408838666
305	0.09702462931962344
306	0.09704462391996248
307	0.09710280944438048
308	0.0971326138119986
309	0.09715999721386424
310	0.0971847988710676
311	0.09723345851524805
312	0.09727062667829756
313	0.09729408304737774
314	0.09734570851598671
315	0.09737090193166018
316	0.0974083295445456
317	0.097432759521824
318	0.09746587757700002
319	0.09751476031079588
320	0.0975785206409257
321	0.09760939694540119
322	0.09765143992322652
323	0.09768149023425038
324	0.0977144801579715
325	0.09775150746562417
326	0.09781116676255164
327	0.09783166652185521
328	0.09785993918606196
329	0.09795250423137285
330	0.09803622039144173
331	0.09818548875414748
332	0.09822056348539131
333	0.09828113400292343
334	0.09834613300574796
335	0.09837421903601959
336	0.09840713739289611
337	0.09847122594532343
338	0.09850742126999185
339	0.09855472975754039
340	0.09861190557488748
341	0.09865655730997705
342	0.09868292812585247
343	0.09877282791500074
344	0.09880435379743474
345	0.0988413772986449
346	0.0988926447531107
347	0.09891897811736457
348	0.0989607735232385
349	0.09898964645449809
350	0.09903909928472608
351	0.09907947432294537
352	0.09910698087533759
353	0.09917321832543062
354	0.09922754382521295
355	0.09926051667667284
356	0.09928854795839825
357	0.09930636201966075
358	0.09933750681773222
359	0.09937180497638333
360	0.0993959382557371
361	0.09942660440469128
362	0.09944994062753908
363	0.09947074305191082
364	0.09949761534428644
365	0.09953605495794807
366	0.09956660080073614
367	0.09958892041125736
368	0.09960240797247515
369	0.09961776884680235
370	0.09964461217299295
371	0.09966786180731572
372	0.09970220362025746
373	0.09972626907104082
374	0.09975606516619126
375	0.09978870447554673
376	0.09981519626394958
377	0.09984520967813426
378	0.09986140539268978
379	0.09987868815782448
380	0.0999090129795612
381	0.09993111135895533
382	0.09994984358788109
383	0.09997333095912114
384	0.10000578613082989
385	0.10003021910182183
386	0.1000564235094739
387	0.1000864668075683
388	0.1001074996710869
389	0.10013189927588408
390	0.1001534034051594
391	0.1002164720643088
392	0.10027361259819108
393	0.10030095241815938
394	0.10034294930272217
395	0.10037125307963456
396	0.10039581856866381
397	0.10042454271315465
398	0.10048210379896091
399	0.10052287383503816
400	0.10054745880640666
401	0.10056446954078352
402	0.10060006010892257
403	0.1006216630800746
404	0.10065143094166162
405	0.1007071277645154
406	0.10078841623990704
407	0.10082685720093099
408	0.10089797762675973
409	0.100950151946715
410	0.10097743040910458
411	0.10101866975604126
412	0.10108758421448194
413	0.10111889998670569
414	0.10114733711124187
415	0.10119239080584636
416	0.10122517061497052
417	0.10126410077365025
418	0.10130133923591152
419	0.10132479812189867
420	0.10135256612475957
421	0.10137914059899925
422	0.1013959471706221
423	0.10142045296464182
424	0.10147761474051484
425	0.10151592381720004
426	0.10155246808795507
427	0.10159441764362104
428	0.10162119279742453
429	0.10165492691525398
430	0.1017047737543428
431	0.10175016409634415
432	0.10178000909000687
433	0.1018133347113996
434	0.10184256375808459
435	0.10191411156579115
436	0.10196527373281827
437	0.10200677046019152
438	0.10202740497031954
439	0.1020494092176575
440	0.10210385414088331
441	0.10212528816180462
442	0.10214096631840526
443	0.10217500931426132
444	0.10219065728309684
445	0.10220559620591502
446	0.10222549169368056
447	0.10224450468525387
448	0.10227260205270963
449	0.10228839432904899
450	0.10231160762816394
451	0.1023325648435906
452	0.10234833183685062
453	0.10236831642732307
454	0.10242948655566217
455	0.10245914678888611
456	0.10247874001059656
457	0.10250670617134648
458	0.10253443451851234
459	0.1025605805666587
460	0.1025863861649997
461	0.1026176541119936
462	0.1026394477446379
463	0.10267181639594489
464	0.10269355665371777
465	0.10271866951896327
466	0.10277248295665158
467	0.10280550700212496
468	0.10284463228730158
469	0.10286068422027503
470	0.10291664400372785
471	0.10294479402844367
472	0.10296942684574635
473	0.10300350840457355
474	0.10302751630795236
475	0.10304968038647282
476	0.10306909393186302
477	0.10309378550006833
478	0.10311989697045293
479	0.10313992966405709
480	0.10316496696329204
481	0.10318936626254713
482	0.10320665671300024
483	0.10322927748364553
484	0.10324747508282406
485	0.10327093571592476
486	0.10328624167161632
487	0.10330335785477969
488	0.10332775371307812
489	0.10334652435762814
490	0.10336848614477408
491	0.10339310684269765
492	0.10341035029413082
493	0.10342336194400645
494	0.10344377475912006
495	0.1034614677937803
496	0.10350264368794344
497	0.10352588018337865
498	0.103546384172325
499	0.10357196308667285
500	0.10358431718702842
501	0.10359766157786868
502	0.10360950508945038
503	0.10362760406875822
504	0.10364201242239937
505	0.10365214115772912
506	0.1036765253780607
507	0.103705757183511
508	0.1037481180481656
509	0.10377088496084684
510	0.10380108254226267
511	0.1038221633055014
512	0.10384964962157296
513	0.10387120073389992
514	0.10388574253901554
515	0.10392418468958445
516	0.10395574287890134
517	0.10399308612617836
518	0.10401356185825467
519	0.1040340707220978
520	0.10405594092622655
521	0.10407845828615786
522	0.10410910773613868
523	0.10413245361649069
524	0.10415705038799263
525	0.10419406929050463
526	0.10422015955168752
527	0.1042418057157104
528	0.10426473942646047
529	0.10427983191592476
530	0.10429984090568133
531	0.10431179484899106
532	0.10432881516780508
533	0.10434243815578809
534	0.10436629051825343
535	0.10438315125316233
536	0.10440268975772779
537	0.1044170445919543
538	0.104434850371132
539	0.10444824983105988
540	0.10446559288815056
541	0.10447848741326791
542	0.1044980246719065
543	0.10451484190386275
544	0.10453070175694239
545	0.10454902224412525
546	0.10456231243601126
547	0.10458468258619819
548	0.10459430561092949
549	0.10460814347067514
550	0.10462355050611606
551	0.10464206303853658
552	0.10465669053994432
553	0.1046745955875194
554	0.10468943284990806
555	0.10471573218767269
556	0.10474165269768689
557	0.10476158026450601
558	0.10477599832340748
559	0.104790335110118
560	0.10481064381429324
561	0.10482447557164686
562	0.10485451192640233
563	0.10489266181606927
564	0.1049051858687459
565	0.10492828047271106
566	0.10495133530609897
567	0.10498981792851445
568	0.10503610921908973
569	0.10506208207578102
570	0.10508119176998303
571	0.10510616410814638
572	0.10515143353703575
573	0.10517365435433151
574	0.10520288405894468
575	0.10525348337292678
576	0.10530827211002997
577	0.10532952525161647
578	0.10535158547389
579	0.10537690357472065
580	0.10540661182303497
581	0.10542280800155444
582	0.10544197631157018
583	0.1054642303380286
584	0.1054807231197539
585	0.10550185660391351
586	0.10552524556317153
587	0.10554232403562783
588	0.10557490309666479
589	0.10558957547584567
590	0.1056115812288903
591	0.10562692157717847
592	0.10564145453510923
593	0.1056569595235734
594	0.10566980217088023
595	0.10568367423364886
596	0.10570308663976238
597	0.10571750098391508
598	0.10573972692603256
599	0.10577105072138618
600	0.10578322334379425
601	0.10580532711144011
602	0.10582202743549948
603	0.10586971875770743
604	0.10590642004639815
605	0.10594000224882598
606	0.10596062890463309
607	0.10598981352576943
608	0.10601000378651114
609	0.10603615714195498
610	0.10605326860151235
611	0.10608154650280893
612	0.10609776849583798
613	0.10610782850362882
614	0.10612012943569545
615	0.10612882026970717
616	0.10614326428053836
617	0.10615397903981426
618	0.10620306559354992
619	0.10622353132490765
620	0.10626175993426049
621	0.10628140300712899
622	0.10631550821396368
623	0.10633331930363481
624	0.10634998423433623
625	0.10636661343278367
626	0.10639744266940626
627	0.10644884819509798
628	0.10649355522358658
629	0.10651165804115097
630	0.10653247263487299
631	0.10655110575152871
632	0.10656564329195008
633	0.1065893826700493
634	0.10660893640538198
635	0.10663156407283066
636	0.10664693322693015
637	0.10665879868459298
638	0.10667281628378004
639	0.10668356789334435
640	0.10669587583164578
641	0.10671891928994916
642	0.10673234207606574
643	0.10674246705852537
644	0.10676125347966589
645	0.10678788467155574
646	0.10682224571234535
647	0.10684277822335592
648	0.10686994172742138
649	0.10690027065966351
650	0.10696510998473488
651	0.10699122758085315
652	0.10700453383133957
653	0.1070277475284316
654	0.10704487227377231
655	0.10706144985162547
656	0.10708657356562573
657	0.10711946077162213
658	0.10716338657867591
659	0.10718046937727775
660	0.10720406194137094
661	0.10722739793719946
662	0.10727197245950645
663	0.10729644922870638
664	0.10733300331387388
665	0.10737586835387047
666	0.10739220378771203
667	0.10740236576202787
668	0.10741781804693112
669	0.10744033492235547
670	0.10745657146462649
671	0.10748269297719167
672	0.10749602711530909
673	0.10750717096653585
674	0.10752162659544325
675	0.10755376634944305
676	0.10758714710596036
677	0.10760856964435565
678	0.10763901189923314
679	0.10766257589396855
680	0.10771052565725375
681	0.10773882093890849
682	0.10776035732570485
683	0.10778529214773944
684	0.10780144196646643
685	0.10782475835242024
686	0.10784461394081765
687	0.10786480636952127
688	0.10788234892596818
689	0.10789796801726258
690	0.10791740512549446
691	0.10794104948804532
692	0.1079799912605391
693	0.10801980734358081
694	0.10803869042771289
695	0.10806905858569488
696	0.10808540064670821
697	0.10810233180470888
698	0.10811764166261253
699	0.108128164545165
700	0.10814005823553026
701	0.1081685379820123
702	0.10819660171599735
703	0.10821994718633483
704	0.10824080563162414
705	0.10825613382267715
706	0.10826890370635923
707	0.10829409860476931
708	0.10831062428367326
709	0.10833059734394276
710	0.10834902039849571
711	0.1083673645606991
712	0.10838880828048197
713	0.10840124070814908
714	0.10841476663607992
715	0.10842235508365024
716	0.10843161212282879
717	0.1084446754505353
718	0.10845944764482726
719	0.10846996358016112
720	0.10848964003069453
721	0.10852259020962933
722	0.1085503351356831
723	0.10855979988451442
724	0.10857206401983063
725	0.10858537138979608
726	0.10859490712944103
727	0.10860385475930029
728	0.10862353284460641
729	0.1086440313256817
730	0.10865385990725254
731	0.10868098805163333
732	0.10869208118734312
733	0.10870452871010226
734	0.10871432430452371
735	0.1087279477981162
736	0.10873768629749937
737	0.10875227057908199
738	0.10876514043694115
739	0.10877578950003218
740	0.10878807908092261
741	0.10879498117222242
742	0.10880741558522167
743	0.10881423678415851
744	0.10882785010546032
745	0.10884862776842609
746	0.10885977706664124
747	0.10887986790834962
748	0.10888947962654898
749	0.10890591311450742
750	0.10892488168062436
751	0.1089382110134538
752	0.10895193216744023
753	0.10896640963335871
754	0.10897844943377592
755	0.10899430862401017
756	0.10901493987494507
757	0.10902714601302183
758	0.1090373246949886
759	0.1090652007912698
760	0.10908592694511374
761	0.1091016656516128
762	0.10912336836828758
763	0.10913611409879781
764	0.1091487785610756
765	0.1091613316478816
766	0.1091837023698778
767	0.10919790887553528
768	0.10922754428135939
769	0.10924115709046417
770	0.10925556107787354
771	0.10926866899199061
772	0.10928325806091653
773	0.10929691324122547
774	0.10931301429368322
775	0.10933215454813454
776	0.10934701449883627
777	0.10936249942561457
778	0.10937553607195044
779	0.10939058663595208
780	0.10940308851648964
781	0.10942113317788263
782	0.1094351627351469
783	0.10944725267685612
784	0.10946290135502443
785	0.10947877388325171
786	0.1094893596643705
787	0.10950088442343434
788	0.10957039106250918
789	0.10958551869545026
790	0.10961841628647391
791	0.10964148724663886
792	0.10965498126510641
793	0.10967074234923618
794	0.10968070831520171
795	0.10969354496731881
796	0.10970400103407806
797	0.10971265172448716
798	0.10972291905730663
799	0.10973102242241431
800	0.10974155911827653
801	0.10975426186852755
802	0.10977157292536958
803	0.10978678856235372
804	0.10979874190895601
805	0.10981046935918197
806	0.1098277964862994
807	0.10985020067279777
808	0.10986945933411706
809	0.1098863951635019
810	0.10990212144743321
811	0.10991494003699646
812	0.10993095891784765
813	0.1099441183664275
814	0.10996054399288387
815	0.10998217569424366
816	0.11000433353371779
817	0.11004744498425559
818	0.11007107167080483
819	0.11009736543670232
820	0.11012004209508715
821	0.11014552321282171
822	0.11015609038866653
823	0.11021428398721195
824	0.1102338594149785
825	0.11027164121701381
826	0.110306618472415
827	0.11034245279532551
828	0.11035966558928018
829	0.11037870638615467
830	0.11040903302372317
831	0.11042952073754102
832	0.11044418988229242
833	0.11045390384243935
834	0.11046877772964969
835	0.11048026363720004
836	0.11048997107123094
837	0.11049896876475344
838	0.11054923721920842
839	0.11056682139009295
840	0.1105763626649113
841	0.11059275102173345
842	0.11060601698542508
843	0.11062472989812638
844	0.11063416014310845
845	0.11065594779908783
846	0.11067996517179567
847	0.11069993317101318
848	0.11070890299362877
849	0.11072485688233172
850	0.11073499613994801
851	0.11074893883772255
852	0.11076474939514225
853	0.11078102921467785
854	0.1107941811401481
855	0.1108040627447796
856	0.11081765987775168
857	0.1108265482053833
858	0.11083111145611199
859	0.1108391077649591
860	0.1108478125439432
861	0.11085673114943066
862	0.11086188484149334
863	0.11086990394143557
864	0.11087734425093089
865	0.11088738731027385
866	0.1109045987175184
867	0.11091415826778545
868	0.1109275138383295
869	0.11093964881739532
870	0.11095881738206442
871	0.11097248032837666
872	0.11098324488609877
873	0.11099619833071135
874	0.11100425158478584
875	0.11101853488947236
876	0.11102942959061685
877	0.11104341133977183
878	0.11105701462841527
879	0.11106568563583803
880	0.11107526715981227
881	0.11108809889303357
882	0.11109711922956095
883	0.1111073638379217
884	0.11111875252345295
885	0.11113379158594786
886	0.11116792670540808
887	0.11119003648386976
888	0.1112044515361475
889	0.11122810578202522
890	0.11125736896385413
891	0.1112680812786706
892	0.11127691031496831
893	0.11129771006283745
894	0.11131072323154043
895	0.11132762455000807
896	0.11136764008577535
897	0.11141666874623847
898	0.1114425377194136
899	0.11146591361095304
900	0.11147876136770912
901	0.11149401925643848
902	0.11151431908082879
903	0.11152644218642443
904	0.11153842725064284
905	0.11154415243167472
906	0.11155826072236771
907	0.11156658708945547
908	0.11157741715077947
909	0.11158913441229172
910	0.11159820217736145
911	0.11161938081622327
912	0.11168041274063932
913	0.1117013790587258
914	0.11173362330176807
915	0.11177500459760924
916	0.11178920626302197
917	0.11183826298999976
918	0.11186089829908284
919	0.11188437819394566
920	0.11191494538340523
921	0.1119333355699507
922	0.11194894947107743
923	0.11196444554528706
924	0.11198257422752741
925	0.11199983572229365
926	0.11201482940585374
927	0.11203075627785014
928	0.11204431055021498
929	0.11207610965121857
930	0.11209226109123449
931	0.11210576662438296
932	0.11211740685819489
933	0.11212692228988104
934	0.11213810871843509
935	0.11214611308474887
936	0.11216671008522855
937	0.112179644252291
938	0.11219833881451126
939	0.11220820779014534
940	0.11221785126927955
941	0.11224734393348362
942	0.11225999407649362
943	0.11226878931792354
944	0.1122765242769722
945	0.11229184713476331
946	0.11231558104282963
947	0.11233450321971208
948	0.11234419116906572
949	0.11235907886239353
950	0.11236583122094142
951	0.11237576482458413
952	0.11238779373669322
953	0.11240494430853805
954	0.11241457769487419
955	0.11242401257439867
956	0.11243042775398993
957	0.11243681172494441
958	0.11244516602808433
959	0.11246327631939144
960	0.11247060381026151
961	0.11249242428950962
962	0.11250288415985464
963	0.11251667101298088
964	0.11253130793366466
965	0.1125499666919902
966	0.11256401882080458
967	0.11259015875599114
968	0.11259777597258326
969	0.11261288772945895
970	0.11263421939858984
971	0.11264247873798917
972	0.11267396136770108
973	0.1126920106127097
974	0.1127086909157287
975	0.11272212048874378
976	0.11273292586738508
977	0.11275870970958168
978	0.11276660060490121
979	0.11277881065372462
980	0.11278544291392165
981	0.11281507034207104
982	0.11283007320848082
983	0.1128906589669452
984	0.11290940626623007
985	0.11292354260652232
986	0.11293487091517423
987	0.11294337904481057
988	0.11295520856033979
989	0.11296571578483026
990	0.11297285116365335
991	0.1129805451097902
992	0.11298897772530217
993	0.11300286219158955
994	0.11300986792993084
995	0.11302696578930208
996	0.11303524905434674
997	0.11304318795659521
998	0.11305824856518965
999	0.11307832420814075
1000	0.11308707271491857
1001	0.11309755444980232
1002	0.11310400118015534
1003	0.11311478401232694
1004	0.11312880057635709
1005	0.11314530883605815
1006	0.1131550638218039
1007	0.11317345489786966
1008	0.11318116808284491
1009	0.11318990097831487
1010	0.11319780576860561
1011	0.1132180129533335
1012	0.11323859724547511
1013	0.11324735591231093
1014	0.113271571079591
1015	0.11328981616088535
1016	0.11330037818690994
1017	0.11330621018912422
1018	0.11331550734374556
1019	0.1133248039743636
1020	0.11333062678617237
1021	0.11333749339624223
1022	0.11334278215521895
1023	0.11334687158371176
1024	0.11335569175250576
1025	0.11336129971940055
1026	0.11338076396540571
1027	0.11342183696294322
1028	0.11343309874312113
1029	0.11344664564118566
1030	0.11345752820045268
1031	0.11346684497031286
1032	0.11348471173354363
1033	0.11349507247127022
1034	0.11350293369946521
1035	0.11352745023562763
1036	0.1135410187158241
1037	0.11355390865182742
1038	0.11355806839294892
1039	0.11356624133629911
1040	0.11358176004554552
1041	0.11358942211885839
1042	0.1135941002823198
1043	0.1136029427941852
1044	0.11362718525900664
1045	0.11364217040628175
1046	0.11365461530516527
1047	0.11366775334464188
1048	0.11367550282087864
1049	0.11368153731660441
1050	0.11369142202653798
1051	0.1136984164085843
1052	0.11370691479089218
1053	0.11371189234414172
1054	0.11371529134452724
1055	0.11372236563090439
1056	0.11372767249722289
1057	0.11373313933872439
1058	0.1137389505554381
1059	0.11374434674998748
1060	0.11375079591890447
1061	0.11376042129226949
1062	0.11376918442506231
1063	0.11377616841580143
1064	0.11378434467143324
1065	0.11379321777429482
1066	0.11380079408925324
1067	0.11380615556032797
1068	0.11381152520353213
1069	0.11382039525526991
1070	0.1138484009795126
1071	0.11385941748969818
1072	0.11387323296185249
1073	0.11390275154216939
1074	0.11391054948177888
1075	0.11392072516457309
1076	0.11392720937099193
1077	0.11393220676052136
1078	0.1139362217445849
1079	0.11394736391678764
1080	0.11395626711108839
1081	0.11396365746990504
1082	0.11397182360249541
1083	0.11397702169379444
1084	0.11400147290464546
1085	0.11402425872951269
1086	0.11403370534486823
1087	0.11404511512949056
1088	0.1140587157498941
1089	0.11406818006904579
1090	0.11407957821556632
1091	0.11408522553773721
1092	0.11410175827741276
1093	0.1141306359433891
1094	0.11414593794926677
1095	0.11415493387712343
1096	0.11416413364609207
1097	0.11417297677866294
1098	0.11417860734947013
1099	0.11420546332848898
1100	0.11421081514071746
1101	0.11422039662550994
1102	0.11423035967183298
1103	0.11424162609654988
1104	0.11425669878597892
1105	0.11426670200516871
1106	0.11427705118949283
1107	0.11427928801064162
1108	0.11428661739875047
1109	0.1142918462782117
1110	0.11429582057514137
1111	0.11429847794369773
1112	0.11430429090400669
1113	0.11431139591549479
1114	0.1143166228324422
1115	0.11433173973306628
1116	0.11434613961593257
1117	0.11435013645538891
1118	0.11435326647947003
1119	0.11436231853792794
1120	0.11437506010262408
1121	0.11437938154356077
1122	0.11438626742761174
1123	0.11439256317247748
1124	0.11440205783945039
1125	0.11440932977917333
1126	0.11441363891851258
1127	0.11441869891963394
1128	0.11442818890272828
1129	0.11443513235100454
1130	0.11447208857668073
1131	0.11449398232238144
1132	0.11450109607566178
1133	0.11450742748943979
1134	0.1145187834354708
1135	0.11452460054162922
1136	0.11453176912668507
1137	0.11453754960351517
1138	0.11454150825075937
1139	0.11454519083143051
1140	0.11455231956995764
1141	0.11455712567592663
1142	0.11456567080644137
1143	0.11457138797670884
1144	0.1145809575454219
1145	0.1145903004118523
1146	0.1145958116739911
1147	0.11460018248087682
1148	0.11460241404512349
1149	0.1146061966995095
1150	0.11461028828407369
1151	0.11461504543580593
1152	0.11461803734751079
1153	0.11462156984378363
1154	0.11462807984914196
1155	0.11463424801768674
1156	0.11463819349899507
1157	0.11464211120260452
1158	0.11464625982751588
1159	0.11465059356197736
1160	0.11465421852992475
1161	0.11465714996339632
1162	0.1146636813436837
1163	0.11466777527030013
1164	0.11467297301997655
1165	0.11467863170041188
1166	0.11468464448683839
1167	0.11468986875878219
1168	0.11469471845729033
1169	0.11469881307315413
1170	0.1147028275120644
1171	0.11470684366203167
1172	0.11470971831087023
1173	0.11471384495191199
1174	0.11471789228110273
1175	0.11472200498705107
1176	0.11472754258880317
1177	0.1147316354458941
1178	0.11473399776874756
1179	0.11473587204031403
1180	0.11473951084986118
1181	0.11474268738113211
1182	0.11474718246541032
1183	0.11475114525681777
1184	0.11475459713466865
1185	0.11475773267826378
1186	0.11476084616091281
1187	0.11476412513802205
1188	0.11476958317411769
1189	0.11477855226385504
1190	0.11478187780177133
1191	0.1147857966013997
1192	0.11479249318212144
1193	0.1147983146889599
1194	0.11480345018723534
1195	0.11480662341246868
1196	0.11481243531944005
1197	0.11481646796704523
1198	0.11483058599253812
1199	0.11484303146484726
1200	0.1148498233490398
1201	0.11485491498276339
1202	0.11486095258175712
1203	0.11486713232680505
1204	0.11488117825404487
1205	0.11491807851810402
1206	0.11493391789048613
1207	0.11493832160263727
1208	0.11494918887295989
1209	0.11495595213892568
1210	0.11496210124189998
1211	0.11496567905195126
1212	0.11497978384678162
1213	0.1149958120417372
1214	0.11501856081134774
1215	0.11502729333189038
1216	0.1150319594120869
1217	0.11503805613997718
1218	0.11504567003805151
1219	0.11505393596957748
1220	0.11505799739987
1221	0.11506700579906697
1222	0.11507462245376804
1223	0.11508641068447856
1224	0.11509370370255906
1225	0.11510111033853397
1226	0.11511122342790645
1227	0.11511979039048412
1228	0.11513223385662114
1229	0.11513835790672455
1230	0.11514431462945857
1231	0.11514944338007732
1232	0.11515926552977612
1233	0.115169405404073
1234	0.11517314709398492
1235	0.115181103043106
1236	0.1151902780898336
1237	0.1151953275294913
1238	0.11520038549644679
1239	0.11520431811330968
1240	0.11521240528867152
1241	0.11521806249386775
1242	0.11522595344556374
1243	0.11523028063985029
1244	0.11523487433644247
1245	0.11524217878309023
1246	0.11524717065499648
1247	0.11524985540655197
1248	0.11525234559699862
1249	0.11525523202046183
1250	0.11526207423063195
1251	0.11526473925576586
1252	0.1152683615748615
1253	0.11527475814764472
1254	0.1152773456714441
1255	0.11528888382467521
1256	0.11530135220714809
1257	0.11530548458535089
1258	0.11531483357372609
1259	0.11531727767610539
1260	0.11532049577771368
1261	0.11532636626535803
1262	0.11533234016085571
1263	0.11533815645057875
1264	0.11534225066638132
1265	0.11534644092454988
1266	0.11534916789950639
1267	0.11535169322365922
1268	0.11535846668183874
1269	0.11536319186758928
1270	0.11536827002099619
1271	0.11537306733355276
1272	0.11537700537229123
1273	0.1153853560965863
1274	0.1153910167604712
1275	0.11540744795206853
1276	0.11541832946590361
1277	0.11542445926970997
1278	0.11543395611637614
1279	0.11543877229392789
1280	0.1154455045937847
1281	0.11545048946199876
1282	0.11545660364778104
1283	0.11546113437493921
1284	0.11546678120657003
1285	0.11546964946907816
1286	0.11547829389679427
1287	0.11548371863209293
1288	0.11548772686730596
1289	0.11549214640886242
1290	0.11549451454699963
1291	0.11549989797798581
1292	0.11550452655050085
1293	0.11551207826141648
1294	0.11552203178402935
1295	0.1155260487515875
1296	0.11554320161332982
1297	0.11555640002050355
1298	0.11556451461361886
1299	0.11558106590584931
1300	0.11558885581511508
1301	0.11559557960447546
1302	0.1156087937344609
1303	0.11561928933003306
1304	0.11562654157859967
1305	0.1156344498902268
1306	0.11563944067698537
1307	0.11564384670724606
1308	0.11565086785569084
1309	0.11565850033069994
1310	0.11566298097869548
1311	0.11567106052346422
1312	0.1156755589842352
1313	0.11567993849843944
1314	0.11568407577413815
1315	0.11568798882609405
1316	0.11569267438648839
1317	0.11569825706985802
1318	0.11570330783519493
1319	0.1157089348129769
1320	0.11571410176071759
1321	0.11571887662772025
1322	0.11572170873084939
1323	0.1157271333339906
1324	0.11572882420415255
1325	0.11573208610683319
1326	0.11573805325232028
1327	0.11574075584617749
1328	0.11574231187158428
1329	0.1157472102785591
1330	0.1157501573943482
1331	0.11575665922031861
1332	0.11577317591153964
1333	0.11578064795261418
1334	0.11578369163907654
1335	0.11578811882869404
1336	0.1157910214561651
1337	0.11579433205183831
1338	0.11579837971689286
1339	0.11580194482733391
1340	0.11581022720212081
1341	0.11581446062888551
1342	0.11582332760357833
1343	0.11583612134120494
1344	0.11583939019793033
1345	0.11584404022136309
1346	0.11584800241418725
1347	0.11585164726293795
1348	0.11586708971054421
1349	0.11587016163382795
1350	0.11587271780599968
1351	0.11587820636966013
1352	0.11588179708371386
1353	0.1158851932974999
1354	0.11588887882934018
1355	0.11590060205953354
1356	0.1159094389185665
1357	0.11591290177953377
1358	0.115916224948095
1359	0.1159249770458718
1360	0.1159302100316089
1361	0.11593886997785965
1362	0.11594740362712967
1363	0.115951629123142
1364	0.11595457856022177
1365	0.11596090614614388
1366	0.11596877702660913
1367	0.11597387173036451
1368	0.11598110412522965
1369	0.11598845164067777
1370	0.11599417035923074
1371	0.11600430867793163
1372	0.11601357595323653
1373	0.11602333832307278
1374	0.11602831697446131
1375	0.11603238097851443
1376	0.11603748212943985
1377	0.11604251567601222
1378	0.11604956157960132
1379	0.11605910229283188
1380	0.11606620796470893
1381	0.11607338267647656
1382	0.11608161159426032
1383	0.11609794375112754
1384	0.11610356485835559
1385	0.1161163226090755
1386	0.11612444133426894
1387	0.11613366919169396
1388	0.11614183493168989
1389	0.11614709124555295
1390	0.11615771943994506
1391	0.11616688704560332
1392	0.1161847801971831
1393	0.11619733592809951
1394	0.11620537083734488
1395	0.11621721352171245
1396	0.1162502544521381
1397	0.11625795199144907
1398	0.11626774088634789
1399	0.11629229874179708
1400	0.11630633210566346
1401	0.11631657918551802
1402	0.11632425273338683
1403	0.11633253130851552
1404	0.11633536580285433
1405	0.11634020381362804
1406	0.1163454189626718
1407	0.11635125401190405
1408	0.11635828080392985
1409	0.11636287285108633
1410	0.1163686440002893
1411	0.11637025271113965
1412	0.11637248134440083
1413	0.11637690364474243
1414	0.11638290504129405
1415	0.11639817414983238
1416	0.11641216338682644
1417	0.11643239529258981
1418	0.11644067156105624
1419	0.1164473803539983
1420	0.11645250741862304
1421	0.1164632781529083
1422	0.11646941827980739
1423	0.11648077152732728
1424	0.11649323941258483
1425	0.11649700240173343
1426	0.11649947804910268
1427	0.11650870641159079
1428	0.1165143199908406
1429	0.11651786322706638
1430	0.11652428481551211
1431	0.11653496978948222
1432	0.1165455169220282
1433	0.11656307639034463
1434	0.11656649149245901
1435	0.1165711673662548
1436	0.11657624736834829
1437	0.11658321829901303
1438	0.11659640358201331
1439	0.11660308539639527
1440	0.11660775931035809
1441	0.1166252539065836
1442	0.11663397898916422
1443	0.11664270440060923
1444	0.11664769406589648
1445	0.11665087927610536
1446	0.11665587489637402
1447	0.11665936056988029
1448	0.11666171032419885
1449	0.11666459827638234
1450	0.11667221692510295
1451	0.1166764392898203
1452	0.11668216645114456
1453	0.11668577183019499
1454	0.11668769373589559
1455	0.1166922266001656
1456	0.11670115867057547
1457	0.11670402856690913
1458	0.11670784079607131
1459	0.11671038854925121
1460	0.116718796200123
1461	0.11672443492865177
1462	0.11674474379446632
1463	0.11674752656530624
1464	0.11675584588525376
1465	0.11675732442565584
1466	0.11676042615010002
1467	0.11676356691281485
1468	0.11676667696139235
1469	0.11677005765190092
1470	0.11677362852740145
1471	0.11677677806930062
1472	0.11678013814783457
1473	0.11678597625001205
1474	0.11678764857466359
1475	0.11679020384848335
1476	0.11679254341510745
1477	0.11679439913755375
1478	0.1167969472562824
1479	0.11680610561814758
1480	0.11681101549362088
1481	0.11681266531075737
1482	0.11681626147272776
1483	0.11682108342676142
1484	0.1168248315700981
1485	0.11682726724518325
1486	0.11683062697888538
1487	0.11683279987719872
1488	0.1168348634279373
1489	0.1168362947040234
1490	0.11683903922580469
1491	0.11684043403161824
1492	0.1168434397334229
1493	0.11684607440379716
1494	0.11685070421410984
1495	0.1168545015300012
1496	0.11685620216399409
1497	0.1168585703152426
1498	0.11686430426067893
1499	0.11686622260238817
1500	0.11686857150609259
1501	0.11687040990404586
1502	0.11687186461667659
1503	0.11687530721852943
1504	0.11687922828609332
1505	0.11688363613098893
1506	0.11688682210488671
1507	0.11688901174686751
1508	0.11689143815357726
1509	0.11689473244924685
1510	0.11689854144881402
1511	0.11690041313681251
1512	0.11690182822326968
1513	0.11690431993797658
1514	0.11690702765759242
1515	0.11690913264401875
1516	0.11691066961327455
1517	0.1169122973431716
1518	0.11691346522178699
1519	0.11691648686212712
1520	0.11691865972134449
1521	0.11692064515008813
1522	0.11692755737234785
1523	0.11692973654213734
1524	0.11693124046747759
1525	0.11693865125546457
1526	0.11694078653824959
1527	0.11694441654001171
1528	0.11694626051014473
1529	0.1169479700631476
1530	0.11694967236412447
1531	0.11695093447973105
1532	0.1169541065675962
1533	0.11697074294165842
1534	0.11698036255604256
1535	0.11698473194283894
1536	0.11699192506956545
1537	0.11699404306818116
1538	0.11699693281886608
1539	0.11699949645804501
1540	0.11700121959461376
1541	0.11700584613797131
1542	0.11700816261837513
1543	0.11701061676824907
1544	0.11701326242765502
1545	0.11701710763713524
1546	0.11702080245767038
1547	0.11702568680272037
1548	0.11703882325766468
1549	0.11704279324861462
1550	0.11704570176449677
1551	0.1170503542175736
1552	0.11705745005947198
1553	0.11706645474411718
1554	0.11707311133518508
1555	0.11708155157092089
1556	0.11708488756533146
1557	0.11708711577658268
1558	0.11708953731251459
1559	0.1170929069135076
1560	0.11709718188089879
1561	0.11710286734020758
1562	0.11710744155939466
1563	0.11711149370396597
1564	0.11711616497930093
1565	0.11711861656252798
1566	0.11712522842583059
1567	0.11713233125610269
1568	0.11713567138313624
1569	0.11714371068672552
1570	0.11714949116381598
1571	0.11715596957129096
1572	0.11716269929231779
1573	0.11716448181091546
1574	0.11716827631557561
1575	0.11717036504987441
1576	0.11717270208290251
1577	0.11717584749694394
1578	0.11717883459072585
1579	0.11718443643064698
1580	0.11718900910588544
1581	0.11719185040737887
1582	0.11719624569351283
1583	0.11719904531120758
1584	0.1172021186470838
1585	0.1172074396393809
1586	0.11720994570484694
1587	0.11721162136306282
1588	0.11721487267433706
1589	0.1172158509756522
1590	0.1172178306368464
1591	0.11722122147321692
1592	0.11722330465360155
1593	0.117237599682679
1594	0.11724057285196296
1595	0.11724370975625921
1596	0.11724612439129535
1597	0.1172494622495862
1598	0.11726100780661972
1599	0.11726365057967522
1600	0.11726864295727805
1601	0.11727028464219395
1602	0.11727345142030275
1603	0.11727689636624587
1604	0.11728374522902973
1605	0.11728774540652857
1606	0.11729190916199773
1607	0.11729830547580009
1608	0.11730201278572602
1609	0.1173107232135186
1610	0.11731412771876973
1611	0.1173158461401921
1612	0.11731860190752928
1613	0.1173198366678529
1614	0.11732206783596788
1615	0.11732393386410446
1616	0.1173292058416851
1617	0.11733225530856171
1618	0.1173343384354042
1619	0.11733601894058736
1620	0.11733985415010595
1621	0.11734133859135495
1622	0.11734264199410452
1623	0.11734519653266494
1624	0.11734725670171599
1625	0.11735051022583429
1626	0.11735470893982473
1627	0.11735724446855593
1628	0.1173596598043594
1629	0.11736245297568784
1630	0.1173652467969663
1631	0.11736801444600369
1632	0.11737279859371655
1633	0.11737840273826627
1634	0.11738230900414957
1635	0.11738782047704138
1636	0.11739566530113976
1637	0.11739773993028342
1638	0.1174008783201436
1639	0.11740371405741018
1640	0.11740707869046992
1641	0.11740847051063602
1642	0.11741121897921379
1643	0.11741465932263112
1644	0.11741828293726976
1645	0.11742215518059312
1646	0.11742467910851796
1647	0.11742892830032575
1648	0.1174318155651066
1649	0.11743982969722531
1650	0.11744096467220576
1651	0.11744379586001001
1652	0.11744600443848066
1653	0.11744780860992624
1654	0.11745002439619485
1655	0.11745281532686139
1656	0.117454260280524
1657	0.11745686213291831
1658	0.1174589798395715
1659	0.11745980944951019
1660	0.11746256979278788
1661	0.11746408461041434
1662	0.11746722363460632
1663	0.11746927335251939
1664	0.11747145628169296
1665	0.11747279745491404
1666	0.11747474108676406
1667	0.11747605202364793
1668	0.11747711843746661
1669	0.11747950491381713
1670	0.11748122740909275
1671	0.11748366550453071
1672	0.11748515464562982
1673	0.11748811899594122
1674	0.11749016385956171
1675	0.11749132046188739
1676	0.11749300066122934
1677	0.11749554761587196
1678	0.11749721106664994
1679	0.1174988637581543
1680	0.11749961035784531
1681	0.11750107238367774
1682	0.11750295885771811
1683	0.11750435794619302
1684	0.1175052164946674
1685	0.11750720855576582
1686	0.11750853520247095
1687	0.11750974200517272
1688	0.11751143557503094
1689	0.11751211295301645
1690	0.11751385613987275
1691	0.11751491400305107
1692	0.11751587519718168
1693	0.11751689398388634
1694	0.11751934672653085
1695	0.11752126578128451
1696	0.1175228913740177
1697	0.11752519641565001
1698	0.11752784583775719
1699	0.11753251130212235
1700	0.11753813057462828
1701	0.11753997913140454
1702	0.11754167514436578
1703	0.11754361441261937
1704	0.11754682896059751
1705	0.11754826122967732
1706	0.11754979820263539
1707	0.11755166250346216
1708	0.11755413309383084
1709	0.11755522782182319
1710	0.11755723450709234
1711	0.11755858027576988
1712	0.11756082889561358
1713	0.1175623239992166
1714	0.11756358195046629
1715	0.11756483396430639
1716	0.11756796715554532
1717	0.11756939632909215
1718	0.11757028595144375
1719	0.11757128794774971
1720	0.11757212015026772
1721	0.11757370578845448
1722	0.11757554327840097
1723	0.11757702448340754
1724	0.11757859121623686
1725	0.11757902962782711
1726	0.11757963341456908
1727	0.11758082443448835
1728	0.11758158787830326
1729	0.11758237635206473
1730	0.11758368377869528
1731	0.11758466948262009
1732	0.11758688577425266
1733	0.11758853837754457
1734	0.11759050939589004
1735	0.11759221221798949
1736	0.11759296273038616
1737	0.11759396659678534
1738	0.11759529177662767
1739	0.11759641814239846
1740	0.11759759109502717
1741	0.11759888068261443
1742	0.11760008203037405
1743	0.11760725018056686
1744	0.11760988372729417
1745	0.11761288756276973
1746	0.11761404411796471
1747	0.11761526047418067
1748	0.11761697280451573
1749	0.11761838953716847
1750	0.11761953764665048
1751	0.11762324588361112
1752	0.11762594932812728
1753	0.11763021926815957
1754	0.11763240616731348
1755	0.11763347828543477
1756	0.11763592712520474
1757	0.11763827310208069
1758	0.11764070226909028
1759	0.1176413844353077
1760	0.11764305455819386
1761	0.1176441968637059
1762	0.11764785587866448
1763	0.11765046128215222
1764	0.11765272719117276
1765	0.11765571774294475
1766	0.11765659668617429
1767	0.11765831171379378
1768	0.11766128419107248
1769	0.11766467402096964
1770	0.11766726256893627
1771	0.1176689439119921
1772	0.11766926973769229
1773	0.11767058567006647
1774	0.1176743537310639
1775	0.11767615457725547
1776	0.11767799724498737
1777	0.11767910363069242
1778	0.11768151908093966
1779	0.11768464029098671
1780	0.11769000816151279
1781	0.11769295605288171
1782	0.11769542649851582
1783	0.11769739024691567
1784	0.11770059912153462
1785	0.11770295134878443
1786	0.11770441247080322
1787	0.11770910024810856
1788	0.11770988740528743
1789	0.11771450618337487
1790	0.1177176345311827
1791	0.11771886467403715
1792	0.11772268418699187
1793	0.11772391620665484
1794	0.11772579584461908
1795	0.11772723784209999
1796	0.11772892535658935
1797	0.11773507661776254
1798	0.11773582338939856
1799	0.117737924514683
1800	0.11774121493544043
1801	0.11774328289929398
1802	0.1177482684879938
1803	0.117749199107777
1804	0.11775462552428007
1805	0.11775642404546999
1806	0.11775921583053825
1807	0.11776052853884589
1808	0.11776584362031756
1809	0.11776666181762291
1810	0.11776831788684605
1811	0.11776866561875382
1812	0.11776975314982205
1813	0.11777153281177082
1814	0.11777283887163803
1815	0.11777491049332006
1816	0.11777630606998976
1817	0.11777688345415466
1818	0.11777805262659238
1819	0.1177794381217417
1820	0.11778019380276905
1821	0.11778209807808732
1822	0.11778268660786821
1823	0.1177842007809919
1824	0.1177875555343178
1825	0.11778908483607536
1826	0.11779027552343496
1827	0.11779536191956975
1828	0.11779766407894249
1829	0.11779878597092527
1830	0.11779991046482871
1831	0.1178014277069552
1832	0.11780301466226528
1833	0.11780463486431951
1834	0.11780526266062115
1835	0.11780597229386787
1836	0.11780773551074997
1837	0.11780894440017535
1838	0.11781005686710372
1839	0.11781309272156784
1840	0.11781477527054271
1841	0.11781559161881971
1842	0.11781744343277417
1843	0.11782041700979626
1844	0.11782185341691108
1845	0.11782261116792182
1846	0.1178238156603346
1847	0.11782436254912834
1848	0.11782546834504133
1849	0.11782661373199024
1850	0.1178277123045332
1851	0.1178293458030753
1852	0.11783205705981271
1853	0.11783301524570915
1854	0.11783626503527384
1855	0.11783780562780928
1856	0.11783937015371006
1857	0.11784019231028293
1858	0.1178408314622337
1859	0.11784168477663953
1860	0.11784285635108312
1861	0.11784398544257248
1862	0.1178444821181322
1863	0.11784501693386006
1864	0.11784551336732499
1865	0.11784605591662917
1866	0.11784667602869499
1867	0.11784701049604468
1868	0.11784781218048399
1869	0.11784853527842042
1870	0.11784888114389697
1871	0.11784913560234606
1872	0.11784944965587173
1873	0.11784986183342677
1874	0.11785040745174072
1875	0.11785080304942692
1876	0.11785161791353403
1877	0.11785227842374679
1878	0.11785312378110976
1879	0.11785408959938393
1880	0.11785495908321114
1881	0.1178553976217863
1882	0.11785587269663025
1883	0.11785657956226578
1884	0.11785712158638678
1885	0.11785772446660225
1886	0.11785816657087962
1887	0.11785897127959215
1888	0.11785941212488465
1889	0.11786026160960862
1890	0.11786141376159813
1891	0.11786309971711188
1892	0.11786358858299407
1893	0.11786426517126729
1894	0.11786510689745255
1895	0.11786666107491944
1896	0.1178681547534502
1897	0.1178697852563228
1898	0.11787036856996179
1899	0.11787129469078932
1900	0.11787213406369318
1901	0.11787301944763864
1902	0.1178737516408508
1903	0.11787440936130167
1904	0.11787474619210936
1905	0.1178756349623981
1906	0.11787656272379282
1907	0.1178771295112355
1908	0.1178777206390493
1909	0.11787915322423159
1910	0.11788114681806519
1911	0.11788213337980707
1912	0.11788265174438231
1913	0.11788338398033087
1914	0.11788490519029367
1915	0.1178859249912946
1916	0.11788826351283462
1917	0.11788880611733844
1918	0.11788946347870595
1919	0.11789025195687759
1920	0.11789122912086718
1921	0.11789197792466828
1922	0.11789254563711943
1923	0.11789330377475879
1924	0.11789425030751272
1925	0.11789474328688092
1926	0.11789572179564818
1927	0.1178972179200734
1928	0.1178991141072933
1929	0.1179014373009843
1930	0.11790227784025387
1931	0.11790276565659501
1932	0.11790406354124333
1933	0.11790764768572258
1934	0.11790844471506251
1935	0.11790943658217708
1936	0.1179100109278124
1937	0.11791055096477723
1938	0.11791126801012014
1939	0.11791224830109731
1940	0.11791269036480952
1941	0.11791380079214696
1942	0.11791636080459539
1943	0.11791846497282525
1944	0.11791890717157409
1945	0.11791991180779517
1946	0.11792215999300963
1947	0.11792268711693323
1948	0.11792347474226157
1949	0.11792426517747712
1950	0.11792509892778184
1951	0.1179255727317126
1952	0.11792653195816293
1953	0.11792709658573922
1954	0.11792776430847383
1955	0.11792882887306369
1956	0.11792943603845421
1957	0.11792973539597358
1958	0.11793030836689941
1959	0.11793066382936694
1960	0.11793276463897057
1961	0.11793357870355298
1962	0.11793425556878023
1963	0.11793551709115654
1964	0.11793618123899569
1965	0.1179372526039175
1966	0.11793914591539764
1967	0.11793971976331324
1968	0.11794057918993439
1969	0.11794155766374856
1970	0.1179428390822395
1971	0.11794371907881554
1972	0.11794442199728233
1973	0.11794574569079443
1974	0.11794661630537746
1975	0.11794738569130042
1976	0.11794797781664111
1977	0.11794993625276963
1978	0.1179506319861954
1979	0.11795248704575649
1980	0.1179534505704357
1981	0.1179537381651097
1982	0.11795446709914265
1983	0.11795587027707359
1984	0.1179564535965099
1985	0.11795673253399935
1986	0.11795738277996187
1987	0.11795814336200477
1988	0.11795862737364142
1989	0.11795899547491354
1990	0.1179592630315159
1991	0.11795974287801743
1992	0.11796052121081826
1993	0.11796140051171768
1994	0.1179617077570893
1995	0.11796229471389076
1996	0.11796246565305925
1997	0.11796307357878143
1998	0.1179639045334401
1999	0.11796480278819826
2000	0.11796545342143726
2001	0.11796628770140612
2002	0.11796957270632932
2003	0.11797110031545675
2004	0.11797230892539438
2005	0.11797279661999194
2006	0.11797507241366309
2007	0.11797769808842284
2008	0.11798091273077299
2009	0.11798158820449807
2010	0.11798448676554002
2011	0.11798683579640659
2012	0.11798767375230101
2013	0.11798938969465982
2014	0.11798981879145407
2015	0.11799093586800319
2016	0.11799113994978866
2017	0.11799245357871216
2018	0.1179933736629902
2019	0.11799377588379262
2020	0.11799551365069337
2021	0.1179965956069772
2022	0.1179974223335091
2023	0.11799845595511527
2024	0.11799899881763448
2025	0.11799952232688349
2026	0.11800013443085318
2027	0.11800039913670236
2028	0.11800133837880215
2029	0.1180024538545553
2030	0.11800341537849399
2031	0.11800437030148064
2032	0.11800475032787269
2033	0.11800544500239582
2034	0.11800595742042932
2035	0.11800628108423554
2036	0.11800647478337875
2037	0.11800692384446969
2038	0.11800792667913096
2039	0.11800820627382018
2040	0.11801021520868114
2041	0.11801144089973088
2042	0.11801278157654532
2043	0.1180135161919193
2044	0.11801539122911563
2045	0.11801602671685496
2046	0.11801720441168399
2047	0.11801819062042175
2048	0.11801899497209829
2049	0.11801933112160871
2050	0.11802011135693864
2051	0.11802077016598016
2052	0.11802120824358073
2053	0.1180219781525108
2054	0.11802216935294516
2055	0.11802287120099236
2056	0.11802408075099198
2057	0.1180247434287038
2058	0.1180258303861011
2059	0.11802636582016637
2060	0.11802676176487302
2061	0.11802727419280665
2062	0.11802775956118547
2063	0.11802843348811282
2064	0.11802905449166967
2065	0.11802933129551792
2066	0.11802990591841926
2067	0.11803037648772587
2068	0.11803052604517443
2069	0.1180306916790094
2070	0.11803114775139144
2071	0.1180316608809588
2072	0.11803214563467072
2073	0.1180325139038007
2074	0.11803275563758164
2075	0.11803308172775916
2076	0.11803370158359075
2077	0.1180342132887324
2078	0.11803445784999318
2079	0.11803578349360638
2080	0.11803602267433648
2081	0.11803619986179162
2082	0.11803652946711223
2083	0.11803676482214659
2084	0.1180370352870119
2085	0.1180373942562917
2086	0.11803809993506245
2087	0.1180383442342427
2088	0.11803846672000778
2089	0.11803868273809791
2090	0.1180390291935237
2091	0.1180392138087024
2092	0.11803995289244126
2093	0.11804048146886856
2094	0.11804058699857684
2095	0.11804106513202907
2096	0.11804137514073251
2097	0.11804233148961692
2098	0.11804300245584808
2099	0.11804320504509411
2100	0.1180434777261396
2101	0.11804400210941281
2102	0.11804421695376731
2103	0.11804457682167294
2104	0.118044951181439
2105	0.11804555458016018
2106	0.11804578768074933
2107	0.11804608966261042
2108	0.11804696645618608
2109	0.11804905364048467
2110	0.11805381443934983
2111	0.11805396297599664
2112	0.11805452292288116
2113	0.11805514481581286
2114	0.11805528655297626
2115	0.11805553191178142
2116	0.11805561213088141
2117	0.11805598718140559
2118	0.1180562692085064
2119	0.11805638225681175
2120	0.11805647633777418
2121	0.11805731040932499
2122	0.1180578327744019
2123	0.11805801122759814
2124	0.11805848825261543
2125	0.11805959094140733
2126	0.11806326428330227
2127	0.11806380757319793
2128	0.11806408303995494
2129	0.11806444019485929
2130	0.11806581772547262
2131	0.11806651505136441
2132	0.11806678369378405
2133	0.11806704476094237
2134	0.11806737362158065
2135	0.11806749657892777
2136	0.11806755780382222
2137	0.11806768576573148
2138	0.11806780344474856
2139	0.11806805631225566
2140	0.11806816877021256
2141	0.11806833689148762
2142	0.11806856827214017
2143	0.11806877814741507
2144	0.11806917272611027
2145	0.11806993436465182
2146	0.11807045309678772
2147	0.11807145251256573
2148	0.11807177971865584
2149	0.1180722175932075
2150	0.11807427192850393
2151	0.11807501237383622
2152	0.11807519999296386
2153	0.11807571961176674
2154	0.11807621816329883
2155	0.11807658156728787
2156	0.11807691780150262
2157	0.11807718184064069
2158	0.11807744149675473
2159	0.11807749113738836
2160	0.1180780641717617
2161	0.11807854433218683
2162	0.11807886004728468
2163	0.11807898735897726
2164	0.1180798617706334
2165	0.11808010553437005
2166	0.11808035342482529
2167	0.11808122278725243
2168	0.11808158113314111
2169	0.11808206909367105
2170	0.11808254776756852
2171	0.11808259755998272
2172	0.11808319122306242
2173	0.11808331475433043
2174	0.11808346767059809
2175	0.11808351364182622
2176	0.1180837051436058
2177	0.1180839784332699
2178	0.11808414425943316
2179	0.11808459537396342
2180	0.11808503670414106
2181	0.11808537663516969
2182	0.11808575627417359
2183	0.11808588475567615
2184	0.11808654623299614
2185	0.118087332437288
2186	0.11808779176685845
2187	0.1180880375662689
2188	0.11808910242873139
2189	0.11808980639585061
2190	0.11809043821454995
2191	0.11809057170304688
2192	0.11809340155027531
2193	0.11809363384325386
2194	0.11809395795299356
2195	0.11809451696670209
2196	0.11809534387753362
2197	0.11809588636871957
2198	0.1180967359194785
2199	0.11809690148810574
2200	0.11809728916620081
2201	0.11809795925918909
2202	0.11809876852675143
2203	0.11809936921842017
2204	0.11809976534785595
2205	0.11809985319790019
2206	0.11809986747218565
2207	0.11810016692012179
2208	0.11810053417216387
2209	0.11810157545692684
2210	0.11810323182990595
2211	0.11810417016105945
2212	0.11810487061394577
2213	0.1181055195744973
2214	0.118105843041321
2215	0.11810956089636944
2216	0.11811019914868015
2217	0.11811061484977962
2218	0.11811150065969524
2219	0.11811200428248642
2220	0.11811208511511415
2221	0.1181123461966357
2222	0.1181124918891639
2223	0.11811314549994333
2224	0.11811430875611685
2225	0.11811455964949677
2226	0.11811498071966592
2227	0.11811532622871954
2228	0.1181159421755155
2229	0.11811599573586881
2230	0.1181162326019605
2231	0.11811625777983117
2232	0.1181164517125405
2233	0.11811660843765942
2234	0.11811707289221637
2235	0.11811766548204762
2236	0.11811818490241838
2237	0.11811822944016247
2238	0.11811831285963119
2239	0.1181184409923524
2240	0.1181186280121847
2241	0.11811876599931274
2242	0.11811913755998603
2243	0.1181192320467332
2244	0.11811934029357435
2245	0.1181193706262066
2246	0.11811954851657484
2247	0.1181197883875415
2248	0.11811985902057337
2249	0.1181201939007018
2250	0.11812027733489948
2251	0.11812031689937753
2252	0.11812064701607534
2253	0.11812078320672886
2254	0.11812109637233191
2255	0.11812157966554476
2256	0.11812205172435206
2257	0.11812291081219323
2258	0.11812362251005923
2259	0.11812404273170321
2260	0.11812465025757661
2261	0.11812489052075459
2262	0.11812563088430304
2263	0.11812595706354005
2264	0.11812615411979373
2265	0.11812771439216449
2266	0.11812922341836131
2267	0.11812986402021675
2268	0.11813072877764515
2269	0.11813107537184185
2270	0.11813159374698728
2271	0.11813196113350237
2272	0.11813203554097973
2273	0.11813221148059969
2274	0.11813244969327977
2275	0.11813245545631297
2276	0.11813253922687816
2277	0.11813261950500045
2278	0.11813274471862531
2279	0.11813278416607127
2280	0.11813315433034305
2281	0.11813320806448807
2282	0.11813323125317217
2283	0.11813337302759945
2284	0.11813340006992099
2285	0.11813345057111375
2286	0.1181335240688774
2287	0.11813361501360649
2288	0.11813367958515657
2289	0.11813373341501936
2290	0.11813385216924584
2291	0.11813396536795923
2292	0.11813410591223195
2293	0.11813428977942225
2294	0.118134415101337
2295	0.11813464924858891
2296	0.1181347027533797
2297	0.11813476235397931
2298	0.11813481175797653
2299	0.11813528460100403
2300	0.11813544089627442
2301	0.11813570966966404
2302	0.11813589845942672
2303	0.11813617864416663
2304	0.11813634129549302
2305	0.11813655561190753
2306	0.11813692482890786
2307	0.1181370489182732
2308	0.11813716860121215
2309	0.11813743118598982
2310	0.11813761671370306
2311	0.11813778930206213
2312	0.11813792162538742
2313	0.11813811649495322
2314	0.11813840096377796
2315	0.11813845194551335
2316	0.1181385194969523
2317	0.11813857320036242
2318	0.11813864754517249
2319	0.11813866582976375
2320	0.11813901568449542
2321	0.1181391390395769
2322	0.11813916785945347
2323	0.11813922768230231
2324	0.11813946424747196
2325	0.11814005399588459
2326	0.11814014830712313
2327	0.11814027602129112
2328	0.11814040502887986
2329	0.11814053519034445
2330	0.11814071401569398
2331	0.11814081141391375
2332	0.1181408348006183
2333	0.11814086953488737
2334	0.11814094198211661
2335	0.11814106195005154
2336	0.11814123048308114
2337	0.11814129326458357
2338	0.11814137380750514
2339	0.11814146144120762
2340	0.11814149248852593
2341	0.1181414975865279
2342	0.11814157212345094
2343	0.11814162357159844
2344	0.11814164329677851
2345	0.11814182368393995
2346	0.11814184835105229
2347	0.1181420580215089
2348	0.11814221720146963
2349	0.11814222317553597
2350	0.11814222799333134
2351	0.11814226576484733
2352	0.11814230604161706
2353	0.11814235017262309
2354	0.11814235190702939
2355	0.11814267913169418
2356	0.1181426949340632
2357	0.11814270129355325
2358	0.11814289535435268
2359	0.11814289728147086
2360	0.11814293062061515
2361	0.11814298400178828
2362	0.11814299787703912
2363	0.11814301753364444
2364	0.1181430545343132
2365	0.11814312140531365
2366	0.11814316457276061
2367	0.11814322238630565
2368	0.11814328983544145
2369	0.11814332336729762
2370	0.11814338098813076
2371	0.1181434334057448
2372	0.11814345576031574
2373	0.11814358506994475
2374	0.11814361667468253
2375	0.11814368296754763
2376	0.1181437585105796
2377	0.11814387857004152
2378	0.11814391190918581
2379	0.11814396085798726
2380	0.11814421909182157
2381	0.11814433491162347
2382	0.11814444514278274
2383	0.1181444680754888
2384	0.11814460952596235
2385	0.11814462455748392
2386	0.1181446777459454
2387	0.11814470780898874
2388	0.11814473999186231
2389	0.11814480377947346
2390	0.11814486602539037
2391	0.1181448712286095
2392	0.11814489377589205
2393	0.11814489859368746
2394	0.11814490090622913
2395	0.11814490610944824
2396	0.11814490745843104
2397	0.11814492306808817
2398	0.11814492460978261
2399	0.11814492460978261
