1	0.020567497747477313
2	0.030738485381178696
3	0.038093225992287025
4	0.04269239946671978
5	0.04744492376806485
6	0.050023878015509664
7	0.053815287122837466
8	0.05681912147661798
9	0.05937183295892972
10	0.06136492233052603
11	0.06298423057384882
12	0.06433836011449459
13	0.06549275219201771
14	0.06656214820063375
15	0.06794595276585855
16	0.06917943588279112
17	0.07031481499130873
18	0.07167431405980322
19	0.07285823427599103
20	0.07401541505597894
21	0.0749921716362369
22	0.07597487686256753
23	0.07681876903098275
24	0.07762431813543444
25	0.07826618497281293
26	0.07907647277534821
27	0.07961261307005327
28	0.08029903662598134
29	0.08099431162874507
30	0.08162646848153135
31	0.08205979981585157
32	0.08258936146900289
33	0.0830886370206885
34	0.08362507361069818
35	0.08417579291889857
36	0.08499549262215932
37	0.08538079271541078
38	0.08574431661375027
39	0.08602100954889758
40	0.08653005129992675
41	0.08691507204743125
42	0.08759940963870255
43	0.08817264041667512
44	0.08866224502237072
45	0.08912014528609213
46	0.08953592256801203
47	0.08994390355943202
48	0.0904699379641978
49	0.09094060281304625
50	0.09144433832962119
51	0.0920373564258526
52	0.09230627304093818
53	0.09272992922025597
54	0.09311098970551748
55	0.09347912798059237
56	0.09375856773504895
57	0.0940955934781291
58	0.09439755113505968
59	0.09484029585654641
60	0.09524312143317895
61	0.09568772234845259
62	0.09608047310641867
63	0.09640457269742678
64	0.096761875856989
65	0.09702747557186214
66	0.0973161077754276
67	0.09750709335189262
68	0.09788092073288152
69	0.098185859975967
70	0.09838112682841672
71	0.0986302779294163
72	0.09888625109574288
73	0.09913637269940084
74	0.09942970988258443
75	0.09970188078846762
76	0.09994873774493793
77	0.1001782246821746
78	0.10052197370269585
79	0.10094310132878889
80	0.10120858708812334
81	0.10140634670473263
82	0.10155898102715936
83	0.1017965920586894
84	0.10206434936243698
85	0.1022917736468541
86	0.10249333415653188
87	0.10276221622494235
88	0.10295304539741433
89	0.10318062263893789
90	0.10337131242094273
91	0.10359675248732009
92	0.10375361690969491
93	0.10395532954571123
94	0.10421694619329354
95	0.10443777420889191
96	0.10460997205944987
97	0.10483152706459067
98	0.10503611760459661
99	0.10523291354378134
100	0.10536463978919172
101	0.10557660620272334
102	0.10579217185989036
103	0.10603681500778259
104	0.10619215770683141
105	0.10636675840563961
106	0.10654193917811357
107	0.10668067622456562
108	0.10690620245985354
109	0.1071113031374692
110	0.10728238400757634
111	0.10744721016361435
112	0.1076292653508471
113	0.10780228719326632
114	0.1079162159575717
115	0.10803293039035186
116	0.10814821860705931
117	0.10832194801865737
118	0.10847549189558553
119	0.10863321358413232
120	0.10877681426539038
121	0.10888213264093453
122	0.10903749597249997
123	0.10920729049063356
124	0.10936516071024516
125	0.1095283036616883
126	0.10965304479314171
127	0.10985136969565037
128	0.10994856647809517
129	0.11007797433343498
130	0.11020586815411008
131	0.11031328427697845
132	0.1104215750302711
133	0.11056103675047574
134	0.11071666272206855
135	0.1108588951920233
136	0.1109639467172587
137	0.11102233265526244
138	0.11112646285657916
139	0.11124007770689824
140	0.11138555295485925
141	0.11149723899660863
142	0.11160254983513078
143	0.11169421113171438
144	0.11181612698939948
145	0.11190796243061646
146	0.11198102377552228
147	0.11207313786630281
148	0.11214547941760962
149	0.11223796032363106
150	0.11232199596390566
151	0.11240716326653774
152	0.11246648665954245
153	0.11261921311838793
154	0.11269057258782099
155	0.11278306054068267
156	0.11284558379998438
157	0.11289486858470893
158	0.11293956493086954
159	0.11300767624973622
160	0.11310676604830222
161	0.1131917196709521
162	0.1132561317654033
163	0.11328418088477077
164	0.1133162497554045
165	0.11336077455308206
166	0.1134152226946829
167	0.11344103738209564
168	0.11348875861734425
169	0.113524751813182
170	0.11356527052051013
171	0.11360561867180101
172	0.11363189554089861
173	0.11369738662258054
174	0.11375958977851121
175	0.1137973253056001
176	0.11383425143283601
177	0.11391683816801884
178	0.113966581065268
179	0.11403535693982052
180	0.11407014823390108
181	0.11412728266251848
182	0.11418937802942133
183	0.11425174380472573
184	0.11429856755859884
185	0.11435020967944015
186	0.11438956712965775
187	0.11444926001276787
188	0.1144983109046588
189	0.11458273483189935
190	0.11462925587887939
191	0.11470487319789166
192	0.11475425601037448
193	0.11480146231515338
194	0.11482637872383933
195	0.11485826304939363
196	0.11489382487576791
197	0.11491519470050297
198	0.11494534832374552
199	0.11497081616242988
200	0.11499586795472799
201	0.11503444995878104
202	0.11506456294072172
203	0.11512396452525658
204	0.11514779976772282
205	0.11518051297244461
206	0.11521757674945313
207	0.11524849980986847
208	0.11528833935197495
209	0.1153323587092793
210	0.11540582275581555
211	0.11546037792959907
212	0.1155198775503399
213	0.11555723509644047
214	0.11559196390695672
215	0.11563421089859681
216	0.11567700552016502
217	0.11572117415595894
218	0.11574719766002978
219	0.1158069632500477
220	0.11583881975218305
221	0.11586969829346754
222	0.11590594289092898
223	0.11595500928747345
224	0.11598893246197037
225	0.11600566301034627
226	0.11604448529196076
227	0.11608027027539802
228	0.11613749799104908
229	0.1162088817620775
230	0.11625634956280417
231	0.11629588478282438
232	0.1163231847447614
233	0.11637687066297195
234	0.1164274579420344
235	0.11648027198660173
236	0.1165254579237954
237	0.11657355909427108
238	0.11662798335401312
239	0.11665546573584176
240	0.1166817489621204
241	0.11672922130237529
242	0.11675885570404142
243	0.11678568827057939
244	0.11681547182436276
245	0.11684426691855071
246	0.11686481629983815
247	0.11689553332020378
248	0.11693089073926997
249	0.11695428562874749
250	0.11698571042679445
251	0.11699810652443979
252	0.11702488191025354
253	0.11704151431343984
254	0.11707154159243448
255	0.11709233806656529
256	0.11711492449164801
257	0.11713624249394045
258	0.11715688033041788
259	0.11717026215875548
260	0.11719161103947756
261	0.1172135879331502
262	0.11721979403699759
263	0.11724593018429105
264	0.11725778592663359
265	0.1172615379196477
266	0.11727429361182995
267	0.1172810001275975
268	0.11728422413802914
269	0.11728631435583123
270	0.11729233308596121
271	0.1173005103252088
272	0.11730476221860674
273	0.1173114302695911
274	0.11731513326099088
275	0.11731787434069113
276	0.11732092673647956
277	0.11732318698887308
278	0.11732593775933679
279	0.11732776580759945
280	0.11733113837734623
281	0.11733437676937526
282	0.11733569569102559
283	0.1173366093210961
284	0.11733757772562413
285	0.11733842081880327
286	0.11733851696964961
287	0.11733851696964961
