10
50
36247895
475233806
803737998
152242967
599227479
960437118
46781559
5780247
649477480
933506292
715506656
115951046
174834840
6667596
752412961
463963750
68672331
864117129
52350814
944171041
105219892
609450820
71969430
387779281
492762179
564214612
859695603
378536642
241657863
540794986
367603394
324126965
661144893
929134059
549781359
926327638
203788730
97467190
52604485
109256340
943522380
182164193
972604411
746502611
737242489
46078099
157966210
768014660
797391538
496596505
