10
50
559725340
856040584
298745836
158093145
623741805
520103302
228014217
115641809
86571947
941573572
773547912
702007719
216917420
890807601
86832123
584413924
937015095
304673612
533092074
105303195
528426404
541977429
273647654
957987721
487849507
873855726
302778116
777591490
246355556
861722860
314300521
561106591
852484498
256825828
897436057
1878393
705292064
554866667
101962885
951856008
57254335
594048908
439302360
553980194
315683563
196179402
693639040
22529299
739728764
907319981
