10
50
281491863
786446108
57542367
784745367
268576186
120941430
899835144
952758903
872517419
984584272
357967758
228544596
879914238
563473126
211921619
942717826
223680666
81835042
17742318
818789315
50494774
208129620
813273815
824711824
686241604
673718870
701535114
974290358
782960831
907763461
933316200
29991753
445172956
448635984
514522052
164791023
534058962
197551924
698199807
535519744
242139454
807191449
965498781
733224863
11954990
115311000
560293686
39374161
275195483
203690270
