10
50
6094346
500843222
758938257
57008714
748607613
404056331
996629644
262559209
127999755
221978016
350222694
39890442
182575575
56028864
751549798
471107789
813709843
122419784
550277430
296526452
953579851
126253526
721918695
286494851
160046329
215896437
479992280
975404830
597126521
582878216
221901952
854688741
651797438
462376532
370926947
293557813
435865522
569111333
816616391
147550478
322242310
379473505
844874562
393004318
228571862
459464111
327782806
928797214
838620838
528653684
