10
50
953667214
555814712
479624602
240066523
578475187
356544357
651450168
186328119
289911404
754632728
732792572
887241089
136324570
668282204
929165884
462441151
903631456
101401728
571753314
570464014
279314379
562995449
269482194
914917316
596285767
678758439
378305053
169160189
691923385
126869151
417126360
66888157
706161452
331843168
408173049
647148670
477106669
91108894
418933099
354487481
359933831
683665018
346975399
997670486
144916071
956490465
956084259
177866880
789600305
513644762
