10
50
168838150
411898094
833055768
729993839
706994786
600790603
429829987
804791396
630975206
571679498
53039893
374442533
872570511
23801965
411226745
16925473
267643333
227449945
665249917
893375025
847594148
23333850
509873321
607040609
922838125
996995281
651956778
677012280
901015921
473878478
547860720
643259649
268486470
291401459
437449307
681415420
752822541
158377884
982708210
944044882
425642409
272073070
791146616
708961007
378046258
39124666
801350123
342796683
43566986
499353363
