10
50
709344864
120804421
226085529
315014091
543388239
737187636
103076926
468496655
721355778
675352549
921867834
229631850
629682317
388159048
872563236
63059958
781957435
891131587
516154258
718861785
850516588
207520164
814051910
845226500
211217210
774903512
644099337
616582171
784516880
459866797
349529512
489817638
964000449
246688117
329600790
304845337
158316876
121560367
321115043
114851034
565537621
863598546
606121474
969121634
399612485
773509373
413869439
82618894
309916306
829086829
