10
50
248209329
115987147
263901734
211498206
875789119
754759862
50199751
955578098
935891658
32701919
37611343
588202771
755418766
50639774
621897432
415564613
20832856
273286638
580018874
855829755
127989245
383848526
181055994
456629841
929105466
415524614
64771224
340184799
66852498
985846294
248335616
609946238
874595921
196454414
86858452
362415730
304344331
122834983
665166947
298761765
474904275
236873742
822904564
635358506
640484416
291987537
291112193
470639543
81150411
835575542
