10
50
484696482
947072355
836186404
452582123
504724747
131978011
804954953
136034322
464965881
767572707
493190570
124612653
112001082
967187088
655003623
849690320
992920653
763227879
128131799
925607555
515104190
842020525
457662524
126676025
346244721
139310221
882518571
289166252
730879594
265775963
428438368
383506482
288688038
615610387
686352101
811957070
907798624
860026285
53072690
139178460
364130311
333174408
482337055
912727462
596365724
535472301
696395572
207411169
345010046
772647158
