10
50
175742209
233682650
265620364
318604127
814548394
245801946
231385351
729836396
620557888
265676330
45960814
455915567
719517259
267782086
679705643
397290731
391335841
757271820
104739716
747039806
995394466
252422605
383587874
330771345
382436000
551645756
382993593
381171344
627537046
101368742
146150647
703407884
651068128
141297632
524463056
394650671
357363931
814731264
783502462
74471896
364334505
8415780
908871678
48156827
479059207
959665698
728932063
728460751
792309232
161916610
