10
50
599840429
480232293
967047609
837244969
419588678
85457198
190563693
213946798
338125849
641087499
648401564
435703868
566758538
889625118
372929069
77779870
929789490
616501722
630885965
558505957
971356400
599422373
872559247
904697059
807365106
264843798
664371350
666082317
218681162
75674946
110046668
51753814
551078871
151037156
114629783
739026363
84842200
435198185
62261040
527468357
795939706
944150474
674577982
488172932
322613550
787030409
845103257
760639332
571591921
559239042
