10
50
636657817
734969134
959621470
43718823
146192524
28236546
894467018
317226493
260660097
544973186
183459587
250163013
595731926
892955120
38655860
904659584
225721411
144496453
886538066
123170121
651859411
955488024
782663019
116786047
921237247
519328311
117320374
892024874
519181357
258910598
337822140
74419146
219245989
346247187
809412266
864011554
307315835
467673115
275801989
472978623
865682517
705761798
467892230
361944813
443685606
39440003
211137152
681156038
933126405
435734344
