10
50
484336715
28366895
314837031
207098040
718429326
841967550
823893582
701586041
910739423
392420156
922858815
962843234
980001140
757222622
965999069
667429808
32420279
465558929
358831338
53895503
916418752
684201908
779187674
616935403
834077811
235514084
799582058
800137249
890834955
953217226
890094908
868720637
123858818
835753697
880988891
238606900
643820985
788893462
294009717
468212118
479945785
312970130
54212349
552416719
675418801
688043379
570131660
752307330
43902778
265174172
