10
50
144539740
662650157
257551662
724852265
641864237
279007861
411136761
22825727
169350755
252694735
961979858
239420101
191282373
811043946
241947725
980785547
746216076
900872377
254478618
634625677
149732050
308600265
518222675
306926875
604428424
955881175
667448530
957225862
9298927
278745000
24348534
736776073
245107411
160422925
69537468
761040348
43565054
981697749
760177825
250074055
109839013
229646022
291584557
160296582
483047884
924715388
505296632
585226322
286321488
16763715
