10
50
668182639
819305709
21085507
229713678
882937204
714956672
645504885
962485871
518816684
354967848
697563525
225539763
470383220
214764981
849799704
623868702
988790559
150336815
25540767
458288001
668705054
4982031
153423000
909150031
971322861
55862427
756163085
952101319
293982253
183810529
874526780
538187357
893797323
429470261
132193990
42290311
480586723
799038514
226029659
597596702
307110449
749411102
423816115
22595642
31657327
57733274
261826683
349505820
962811433
918825015
