10
50
327530638
17424362
532518421
113548887
831627570
394955279
537474628
64044592
47684248
678009362
380638781
190499741
254794916
719288516
661255399
165967556
643434830
84148704
220580270
719420223
655218456
478663802
154734425
359848224
815386798
541089750
392167084
924216899
975024108
112492367
10349550
865255300
52379623
928283305
383898114
631367413
520948812
845213856
398008345
422271825
751183672
14752633
528192733
495881903
433829642
836875636
532820855
349511521
55371282
525077672
