10
50
84365500
139262126
963507767
55081687
336081676
808839942
375671919
185528068
797740832
615181378
217085337
882872350
263894688
843897339
904476653
552808335
861372420
770891155
492090803
324795576
110233700
926474005
241577136
720348791
430984431
311624209
535943551
14226744
476832826
417072751
273526925
913443655
814611484
788431008
2519285
169056043
320380674
670981553
297113187
433849327
820034486
622702224
195103068
650697353
725892288
12720590
826020935
36859632
274910914
888289143
