10
50
312052259
7896610
530499159
479006398
325380367
300842407
919439927
945919836
154254663
886370425
663148639
600301835
232720405
356784315
954287326
522037262
442858325
28547565
391657196
217908076
217605347
790217033
943255611
719521036
215368037
832960263
928173545
92322096
390330958
607977467
863878163
837357986
998137825
670081125
928651803
958053653
457485830
898784741
778741268
152093767
913842617
67339114
788994075
955229627
784812534
811741823
945991558
616425839
861768507
147834858
