10
50
610284341
73177787
612104806
872207689
745138336
386680323
598749923
403586100
490644036
556548083
983887107
729166958
413175763
688545136
436242762
80169575
723503623
713931231
394647410
10862769
582646151
828742502
755694432
279606409
878799229
331689676
153527741
803345543
844979619
349863311
478651157
742127294
834897185
416910851
883217159
563349241
603569502
265617456
906658703
726179975
866751583
167795053
130812836
670420242
925398207
730558580
386891979
372993580
918533379
169002507
