10
50
601171414
79744214
172451615
745242319
946446971
902045731
197270761
320017573
958385668
325629695
584807621
821675336
421747102
842355725
85270197
728007052
333962527
72319343
498997788
548541810
962212576
365694737
672501590
236277725
574243266
63640218
216539784
636375771
997443691
206130063
874560116
61566240
142533850
862026180
276277444
429466160
74973977
618922651
191715709
307956172
922065535
587715168
381290337
905028604
712017458
719394639
673619835
248562535
599319026
458187593
