10
50
64784230
359647927
116894461
985400976
404564557
360008933
377311385
964752275
965141950
9015005
565346643
379189390
89534014
431750710
139732193
20303327
496389122
825471071
608734306
620084454
586189834
306700599
424656175
124080560
569124931
106200021
236015192
860767155
906369285
857677489
987989610
326556312
557220881
992474999
638091708
125592558
912921217
890377115
601456358
364511459
48569262
265832144
951648254
151418699
997396442
447270932
132952114
609168038
985655643
966170921
