10
50
779024578
141283618
368322251
146806543
473707362
348148397
197657550
566517158
375046392
614288462
861328406
175027381
88427844
72823237
391985047
87478069
174063296
822050895
996242277
228351712
7380466
744586882
54980630
4721946
635021881
428690849
112316373
339808648
672376285
752895129
769096580
316123753
323767301
255704166
79221221
450038949
631813035
74160522
635434512
5413691
194846757
791911638
219206350
718155064
30665864
469727911
59827724
216958831
327218770
558220278
