10
50
989609787
272279107
432025347
840917748
803289136
172012757
926838101
595821100
642972519
86609359
840953836
964456473
860140084
457688548
503243549
311046072
244518639
683382067
848337039
649092325
573222394
99473937
18281387
731491682
5152902
168465529
411260991
428593313
229299905
483958909
888465965
863604380
361162569
507631808
197087696
194064405
694912902
795567579
279108472
97731946
316809441
592113343
241716910
130854255
668750933
765604062
741697405
627907255
510706359
486942247
