10
50
84270917
573625265
109851018
567860742
500928109
434250927
404101939
483107596
984343115
301102704
786455455
34019872
18816089
678889779
952304787
952220261
177754362
664686895
13973181
484830739
769769871
765599080
6454234
29180299
658242171
507811129
923613296
645290680
891405900
879054127
590714040
519968099
151524681
722103556
818201134
838250870
973958079
764928101
33372217
128253105
547939677
791597109
119818710
222852897
847067220
803614537
22026164
344265854
28114677
368930097
