10
50
372008134
94968737
235702957
945353348
323051078
416856851
225218773
419872344
927541098
739247756
984850106
205744141
869779295
673819282
654015888
580902022
306902544
179773225
976242592
71567178
404820771
588805697
173884222
458707911
122977940
130854287
836708328
444486601
299465034
225092560
445805568
300097701
867490338
339178254
93022377
152002213
11521016
605611558
99528573
195548506
754798358
754913843
495491889
440677348
278037402
666606652
146214483
391785534
474216415
87937609
