10
50
431212736
457395647
247474401
921974568
66160142
6697761
439845803
681415019
45227876
969048580
246259728
969160538
231676564
516956179
676978574
364199473
106123400
723763773
652114499
417275050
665709797
792903521
639982430
302564922
15586986
545135447
432177292
523915345
484215638
798918693
349066050
592474260
149822761
13908788
958959008
475890319
326279654
851755480
241697326
689473787
435155615
10062349
950207052
575245476
375825917
306608614
720479347
670563535
142175536
928207847
