10
50
151140808
735377712
564296213
714635239
921105441
839584620
466801714
886344099
195957090
575786970
528359482
63761373
933644113
738259937
792801880
94930840
632958164
703917919
830770680
150629905
969962202
385416260
221231028
669286665
619540492
822208476
365073704
379295431
479127182
753793312
913879780
486905846
813675681
419526704
831258947
526868325
494376469
915488496
813733106
620508650
675940934
446814882
765904640
787850421
145644151
360743448
814741488
451799160
163210625
978741044
