10
50
16218411
709068732
61687893
980403278
591498034
570061815
318680584
787278503
131232588
390702552
119908216
733077251
357902549
620590538
205717855
428594198
664727935
102605333
718440921
54169085
196860871
203007908
767075348
139678953
768324565
583615340
917458349
637714508
972300950
424837525
187303970
622521763
502164917
121105050
503406777
159940517
742129989
601872538
920611309
521689177
404275562
571707706
736606623
195495803
353843449
554989122
917343920
533301060
65017521
624588609
