10
50
446169377
921842650
820823529
547992409
36795376
826225567
777407440
569756793
312746499
413222051
527381776
1715108
160369028
12930121
527788613
977085488
989378439
179176763
354159437
520454089
399660225
810791094
802757195
959591007
161379417
612611
533979608
926813402
638497335
721998128
153936076
917034495
383695112
679494964
213765985
378820097
367119510
313867638
697091053
170999536
362919306
192632294
350608164
609810266
360395629
504449833
547896696
933227462
380126361
285038982
