10
50
253213331
931986158
319024760
738095814
5446083
436483976
833585586
342787330
433161665
644546923
455230696
180808885
222130835
939580315
419240903
771720380
159408993
559079385
107445688
976435770
366248072
554230459
505028164
771515361
374822018
759761926
612431979
109565315
957325928
911219485
365230219
414456015
207568390
801864939
565303151
679898839
430464505
155778699
146759257
558696458
982719714
325801889
773254515
356390038
651876338
77254196
11731402
829793532
567500358
283335669
