10
50
210412429
658893233
773974634
701676094
325802297
349621621
334073767
409142446
840999656
754364960
431369871
976765691
59134147
5668181
645787629
847499479
64369919
496237168
934425101
306247639
923914358
890119306
719183686
718177637
334219243
831651864
371858912
891929617
364526996
233803680
367077237
749646347
748765161
705576051
782129854
400135869
601655941
819729540
259960
294197702
811061318
371808824
303482939
245581941
115200415
583471247
232970084
4515063
143791777
607625609
