10
50
269324698
944777275
736211506
498817045
299510484
319982344
475836600
163444546
581067173
248293350
125255668
458603344
923141790
165706138
642231303
69418895
456571424
986239138
559130247
649737665
719573942
104653100
558760479
39193017
997253712
985018831
438803619
131850761
577984417
93697252
63114666
128540962
671070378
891974319
315540944
999739319
672817009
612460786
152074904
365280679
982606607
671421944
964150201
715705055
643795823
973374825
115959411
837675762
304605772
900148043
