10
50
822359441
120859134
860598265
908068906
395862289
818787057
210283839
317024837
485734689
205423581
694496386
618872739
453480007
932931338
59965425
460765647
303914993
374624463
52098004
974202107
748293443
663531624
55393985
428319296
411508085
268981868
17177308
707521008
141372585
483871762
831574351
228362865
19674660
114131311
89562530
360067122
591055378
854985666
730657409
107045205
186888140
733264809
234767983
861171527
986679088
951102556
744109860
925246923
591472433
984631812
