10
50
61346037
926358761
850975011
894722616
186845698
203270341
179192195
872789073
179877532
351225489
628965794
562319270
226372978
81559070
562852060
348652992
427076750
632591239
228008973
877827444
288655429
216568273
900663414
82477691
752804504
969382685
761675785
536674576
347738298
466604390
948680383
999431513
674673786
517212948
687445071
625476530
49748574
335776403
260338845
803839750
16804066
346573818
930254672
630877411
855224483
548655240
214994978
579297206
902845977
821808843
