10
50
500915015
165790295
131549980
828555404
402145196
753159479
245318120
528741805
594448552
362821185
125881891
461988644
664835867
203972183
950772037
279835019
992491570
834019149
86632909
544772526
830995883
317896016
17708980
252042473
290399513
260658885
165949494
145333720
776282950
673068556
298640426
773474482
896882901
354626132
705234299
607434587
519008615
661567863
874313505
729210633
840552964
886521111
441893859
423166753
679403284
462239943
349079755
283015560
820912576
996886924
