10
50
161699847
246354239
876406695
87891959
152078556
393832944
155998583
980451072
785663246
992727615
516635118
213607097
935948722
743314477
414898606
590856546
524016196
613692822
606440857
794865809
844272771
111896020
536232058
700728670
566825494
24626000
385578364
519859221
550787589
691280621
25691255
991545015
90898880
939014983
793592446
906785281
910338458
895567590
671275619
878072365
958919686
763442057
832156321
384652859
25567842
161574549
425806142
638826320
408475063
997594809
