10
50
850065684
459950735
616668386
785946737
203025293
182895015
561043988
727707205
668481335
371086353
408373485
845969255
557929238
683696850
206256063
439646023
525241730
168581358
580879221
604068417
784728365
573604802
672451096
895910879
904068472
434737381
580175395
761095474
709011334
677925975
565615395
614161658
31951777
766385929
492651455
737803898
461683316
35341114
762906394
561353726
665693332
633964289
809863002
952019871
887504357
52775099
467900968
900784296
958966640
546554157
