10
50
161817061
506754109
712849563
846086983
592332131
477765337
999572943
902912717
68429020
408211231
876114521
947293330
401648522
115107302
654418829
197529333
989252562
371458959
132202239
506455504
52792867
218577825
337781676
918903630
619451826
607777646
736504853
632140298
125430287
445605505
354782795
452038841
95651632
146465828
986491165
827663912
403864432
735981000
453984296
580923722
746240451
429374515
965588731
131726101
547696429
615785831
991219776
841250146
195963428
604571475
