10
50
307514839
86363161
789778773
346240063
834889457
167614539
950626428
659126821
584347692
995696333
840269326
230292622
984090897
964242507
668559114
364295819
14422142
41497268
470350807
898016336
355030295
292989325
577354359
285363134
583999116
60024633
281004034
145799260
672091731
857732792
30082370
90476946
249152888
145828743
376366667
370903866
501999811
325012566
7165472
605868276
224475803
219539113
903901286
501802807
307766801
848331868
272054113
631473224
951877001
547853435
