10
50
189654527
662653013
398245432
701201976
544678995
727654106
2869531
729369946
865246612
721219404
561367896
131378183
989730416
961599383
107406208
475360358
725048998
280989238
8127062
750685316
212709234
728032519
451449363
663346765
303396001
789990573
750164257
82155042
529704664
1089250
96854935
701766129
809818205
408948489
232418768
836205671
305145846
895274253
854367518
410498836
775940486
882464649
268280949
155936769
565377572
692216787
243378285
783445299
334537263
762043000
