10
50
78399561
369977910
857711747
384691694
285109908
626012223
679637962
474780321
308809423
886967838
345893628
218940702
204665893
663794366
319363603
845164736
767628359
562238049
8160224
31209296
80110129
160100472
180217783
340572748
339253980
994976007
702774583
130536833
990702256
533169799
544661661
311879937
900555441
39694686
939163428
277070018
171004845
188260581
932113428
23459989
232945061
254390955
807360904
892048400
962040179
54369899
8739129
336899240
990412649
751155220
