10
50
759868772
605643984
346456378
665002165
851374087
969650439
37080845
289885094
526257606
345090949
50617946
105531168
491768078
684611796
346898906
191493029
994466458
417184228
896376915
361492553
19965613
56458703
888298416
570287569
856828050
237328441
258444855
547899005
371318733
284905866
715064977
356530139
184553889
695668756
59772740
2893113
693276475
831993391
899957727
857437220
32236316
125073507
46888402
169552365
665632780
372039131
529304963
306353503
728343532
484476155
