10
50
123625221
931117477
471620247
43950457
771865911
657824090
703819368
823735453
242562556
973639617
124871212
432186505
18142986
622675731
565889955
298400672
782825823
272047298
157978272
123156002
286158257
210537963
675731006
494240739
695538138
907857463
200571294
732264303
245794737
122901928
520553051
36158643
276008317
894248841
116636929
781177083
161248201
525789277
148296287
933312447
262773128
291873696
706810535
230808967
32752125
955159472
700949419
706304030
162960706
766828998
