5
50
962863421
266551549
8379116
944168461
827760371
453713930
255111390
800914994
370869223
963616063
6886100
424592610
903547837
978171102
403819563
401362753
437336766
410170300
41424995
506215754
227957956
576206119
371974731
228945815
768670481
536119859
994104090
523992077
631924775
394372543
821181098
618173238
125863617
519537555
180758042
197491180
541068890
84659160
742355023
441145919
997824054
849814285
503689795
791755755
617932756
964565754
760400877
343603803
812696983
32674998
