5
50
921131488
190600097
172538362
129350632
754655924
818466439
724185023
747285026
26597557
742446741
20605830
363782068
737940110
804143695
122067481
229053547
237990921
861105765
99706920
202956538
873946389
528598634
111570908
683804167
276671816
61540643
446173298
903329652
157175284
649319139
645925339
883324563
78184903
605793087
517271204
347557235
20632223
560945220
879970132
185453140
883597177
360902835
120774796
977281144
616398046
158371652
488033776
54599663
102558431
200345773
