5
50
853168229
689846009
33244822
965209176
16845152
754138910
691972502
276031013
311987774
378261560
269939330
77162449
593739094
74589400
711689961
552572013
273262575
232797160
657379946
841488416
377270439
445646911
181525058
179634631
440595672
615700246
493507376
31017519
430748854
404912680
557829000
448764176
564757094
271913195
289903418
473476712
81290667
640761963
434828168
514434575
572145755
692561988
914850557
917483475
267615951
224577870
588942497
760168995
745148023
597842376
