5
50
173474812
535917897
281587235
814080664
872404175
629829572
358285815
66419059
611361257
327595599
622415890
969973380
311958729
610782415
981329038
523030527
977641509
333803914
771968288
828167568
532225838
310099657
383667765
878070762
895440018
918693196
68938943
349321054
106121829
166167222
956943689
440307488
377017742
775469372
520303096
24390685
733859064
284764652
882495671
743145101
98280351
88093892
441825286
561098834
836500614
487646339
736799875
548623480
474286932
677069763
