5
50
404887669
571895037
313794964
584450334
505118619
81916939
407945402
812766585
266432703
910974524
4530263
932231584
490794584
581340779
796527408
182758074
676972757
803589074
209777978
727289303
338326761
86880720
29601612
975364456
725586526
832302037
122195248
653563614
649631977
573007543
826216808
192077419
29040152
349713548
687497982
315439776
81615213
556952486
80102043
152812800
119712463
116603150
13729185
227936641
127933564
990959643
980198434
819494290
679325301
702555107
