5
50
632464619
312161584
905147306
908374433
203921719
175976877
435364573
857658092
387896993
221013280
737302492
423774893
594392657
960890478
328149376
172721353
386167247
39034592
807437776
914238550
322292535
910388393
933847719
371418921
557721600
30540020
501163224
31741467
734294692
274582490
634366434
238331322
316955692
790214166
926488624
862868071
880029377
598087241
828321612
134982851
772262562
687295026
536090683
702879453
131347106
445431724
692381590
678741623
969435507
832778326
