5
50
788852551
447587930
361194271
243384852
292109443
314241777
819589179
968910099
495200863
303157993
643168158
761693164
100773493
442436346
540282741
483900548
523090140
204342805
936094669
313691699
875496547
603847390
655120468
230704412
162021658
211834117
432002398
800851995
609067137
310321747
811488357
74799483
69371632
19593603
806594389
483114432
344926268
990408460
496857326
221991224
620939417
467190334
2148882
126658913
620652822
42462205
399303505
885423806
87316201
6792563
