5
50
307271658
879001444
520451781
655417919
653377457
603052142
642360660
493180950
913704206
269779565
20413425
196701216
399087424
143159081
893543629
953098186
255853039
491093542
923320624
714194471
259105602
573376092
766474580
136130135
264447647
138920503
342123043
479596692
957582452
693325488
672787653
89420979
780756818
964952748
528433881
191155477
574266076
340872761
560288938
912104240
310735746
191517052
907427985
470499378
351098541
519720494
926808565
236861964
735681066
537566896
