5
50
145344052
854613673
46988482
910696901
750172054
405513234
172195941
508091061
256385327
746568363
35763570
292978899
664384493
552922434
317861745
737383086
827698359
282257591
764752343
490816137
386130746
145470172
168084891
255752000
537835092
317474715
336946255
329702205
743889267
240213794
110037519
335182777
536040690
648617852
664513168
902604424
653108078
622198132
885301692
528981716
5843252
8501128
98612052
184804818
58890334
819113490
652215316
458564912
853593390
716214405
