5
50
80852466
865855358
160240031
97141987
723566089
221320891
461743495
629467563
269338011
515842173
871792246
948278533
282167435
171613790
316962837
818669942
372581970
636627155
372609806
984722355
30963056
224066339
648303086
757225100
704455991
73670281
591647565
973022180
142709492
83159854
758129897
2134516
660412679
711501450
387859480
145432559
363341965
862392820
424938939
976049178
155281453
709313342
692842889
416620928
733315742
273074201
104756673
12026103
221853356
419849639
