5
50
873840236
217649929
549042202
460647031
56278508
259701040
507582319
967556253
431167364
132845260
254160466
528790528
155128158
99597126
606222813
393381549
59137495
331227076
525243097
131514730
986081061
995165514
549035924
281620220
415660323
815074111
317848171
636765051
782597556
403641201
652364695
972875779
121404861
986696960
159010118
43132933
235977740
918245614
273639526
33465026
279618690
110524348
592947658
71285203
249748170
684306899
348949503
401927929
108550846
722317003
