5
50
607426579
410791574
65046661
240494423
861001678
879668321
786219622
752653123
891852771
225605256
325061776
413992561
807938008
427979180
441325625
963428326
319694963
150451768
750000741
358274188
264729860
379602668
864213322
73899163
371706344
790943292
880352742
717184041
680065518
603920886
867193108
547218386
718265221
981337311
626089038
521091512
495350789
711463429
2180456
653101390
956894938
102748354
628221385
313253368
56725492
51475841
246868597
888709191
329619772
523418361
