5
50
282579544
995107875
158401232
7637285
752926173
825505030
343247150
641777461
213181856
695863176
468281583
601687269
371780120
344262416
830216100
419031753
960916879
240998836
130791722
510136847
419183448
968578095
473893136
941931176
745083409
822972477
870766896
839036336
760094014
128011704
15457603
917380787
599207445
684249260
900979442
14086635
377424305
678752217
476066469
616581112
990850385
990028928
881939409
35166788
618213447
524475439
87530423
629811767
270836351
793893022
