5
50
764127854
160162285
87369702
779179245
209365292
27066666
8562722
99922033
343665762
770769957
32789003
705903694
26985936
726595477
849876866
214740360
593442512
946791687
408884090
400957608
54481983
97748928
957138605
228564230
635471171
951744298
155808257
301618379
20471018
635517233
869489231
120607671
93390040
37142479
408433693
182812060
777229439
643583071
473682237
668808047
181939238
821437462
534458834
129871677
236951878
260490274
990944163
115753486
126152315
383118718
