5
50
398361083
970405190
922302242
295177794
141933149
97113230
925121149
335048090
131717628
306301409
575745257
781606580
464534797
327690949
90756330
257891295
353464521
52304624
773201765
761472764
312209652
785896208
325771995
790451291
451996802
404693055
213847739
148240568
766381155
860024147
911047750
606841432
345748912
57304760
175372570
704108451
10427888
454060681
99483701
379314650
987758268
642383695
7300236
904213902
114996507
496852321
795370084
221648030
360576719
184948360
