5
50
175159089
283631521
761092315
28902799
718717440
259589528
595499132
83976983
692949313
30002837
179856900
82622854
425119108
169560998
762493349
273431935
211705606
471409142
901408937
911992792
173486609
35601808
489945639
142227665
287476246
231161157
997295068
8336017
220415459
176656999
823309454
46759819
924280077
981837397
512479195
773042921
921462516
525487442
161938119
176343170
384673238
584906905
90870817
432064609
403750365
188643942
133037860
914124685
483284298
614531396
