5
50
54625408
702012749
236484873
950410764
725544730
872699178
807867128
319164548
324846968
48337403
752407406
560380746
578825877
209267036
548409691
45010476
115681289
752363610
743163185
613774481
276011354
587997804
400322900
587761787
36031824
766031658
912515482
645418271
481788857
110657567
197684536
185839225
909400414
120617426
567562738
175283984
878595928
937001659
731562163
788694779
330519983
444496219
832971844
233420706
679583469
709770326
586793691
432011179
612194185
696251973
