5
50
448340810
849525074
94635425
348982406
605034441
871113008
780788082
317588034
940496752
278949879
130136042
297016582
721836431
855369914
882776698
757406107
458008306
660087380
448867283
951350215
220926848
794349021
146285254
200491354
533056468
501308478
845612470
678686332
622045545
941662578
382065577
885464156
389621797
301523778
820387428
386214423
826704922
166703589
394151377
4605333
153089871
287059121
7070414
969449909
954196045
568829365
413945226
813240622
102454563
288509465
