5
50
549329751
47041061
391580885
979160208
140159630
204671578
137611024
120034589
561623683
303222483
529296441
513896518
477866871
281064307
347976726
797404133
30787592
338461622
788847211
46616810
614070224
567243762
829650900
335033023
48156377
893156854
224917496
701673287
904395355
663796371
385296664
401987678
980239376
107752714
762147187
604587500
819074506
545584316
516461731
370766154
461140680
181189345
47568278
221846715
792525157
525156817
148549210
342950866
260351927
452277047
