5
50
677716225
317083088
519147243
302210396
288215653
439053061
525720024
908327566
927840482
506475869
894286096
760698631
662709943
552812068
816179544
360526613
74579854
288499883
6719494
377159630
355139504
257188790
278751753
261884798
383714938
738846371
723536767
522196246
318540074
446878099
590119630
239455990
824621633
786871101
851345035
954535810
622646911
529677301
992755161
396090816
879794868
279851827
78768577
196620416
917922229
411541895
480021747
265250587
820443352
402639857
