5
50
414677737
60762399
345761603
463753501
252130645
433836296
988489374
694890404
643961195
709673999
5178352
434193672
190210173
70265033
969966852
851276140
707388536
927271043
760009392
536049683
275605195
129437370
880039721
636449692
961482097
589268528
128867363
200710976
276492346
577163944
707520625
762528781
226588279
664290543
903192559
510238884
949742467
753411101
558404269
418006919
122039858
392196053
343261587
963036358
56247636
729164378
408031117
420000301
587205431
225254314
