5
50
2808345
261581626
590659227
915623337
510038364
995082353
776829623
475788777
855162569
185953296
712215265
610463691
469324188
853354543
643036431
759852760
235126810
812225530
160008722
289953740
638557119
656804913
108819836
842038106
170941080
664166104
742252596
537582235
282667764
824768599
302213915
177921245
156167586
903089182
140325502
164284505
512553902
110296676
654236311
58423474
489571903
915169523
917294517
892072239
345276558
125164805
517963305
17477193
392221553
494723813
