5
50
455946518
106077540
61695557
97945695
394788773
399083461
667904628
383611733
2959710
915543820
158367537
614196113
758536584
241309661
931111998
267428888
772276680
602202094
694678753
687784916
145138279
845489441
441648273
467218229
761418588
27393227
427055096
390423111
146717346
402489003
770144590
812344579
430392477
763661968
596410318
717207178
965866371
986894536
61614135
228781378
666644445
341083146
791725452
866915574
973466496
497911461
199500911
936863797
183921669
672790260
