5
50
122103181
982925800
581495334
522512813
627594147
476337760
373170251
746556151
219036867
758821650
898372858
97779960
887414434
407684644
225899870
848059336
293344837
693387981
714967628
300550495
661519176
204760422
400289167
468285915
677048249
862839561
947461892
645053275
78338203
432796776
377284516
118928995
416355253
597220832
138068427
978573430
530040274
772102497
757095341
512523320
696769036
860313438
680155667
961796440
885863847
993356332
933498897
388704985
522669538
785788230
