5
50
617097299
238359158
350571369
230243939
523052477
823552075
238714078
68880522
916220884
714664322
621422557
360242681
786321041
811597800
693587217
814488749
902576580
552426626
259318222
725974068
906867419
592085599
973152230
820370492
108067532
909323524
675963134
956116758
344833544
661187584
416027030
860544561
416660363
281566098
984993505
645159052
118445725
618562752
803140598
974740985
778391145
987374477
417709025
947753605
967326324
681464820
954302876
601334787
728416869
216292570
