5
50
983394793
131429545
182155213
600042758
700519873
724497087
40558660
236440138
51723839
864641972
943232693
810555007
987941164
244318520
929354825
832434187
679039607
648598676
197078006
175162112
143598250
336525310
696756587
857660594
87507835
972451541
334815104
156828675
317651545
692079734
417599984
569986089
502011782
425875797
702127016
640881184
511671110
530166480
235101744
408325304
876818695
906932380
846132574
919942598
802606933
504915536
595588601
114562648
54264932
501429341
