5
50
734179541
712974039
477080138
948421606
53772405
291422291
597700641
466150620
338950071
117877469
492475867
540402176
154142293
513194101
233207212
379715617
382130881
501354617
52492892
298771161
561493554
15258924
697125019
785010425
838761409
785871760
482600714
834397839
618588683
385039062
317938159
383513420
636804439
987297781
351201914
639607426
948030162
870528481
504897244
171813635
698334869
811896238
725492235
844289137
42808892
722175296
966970627
440702237
294726045
513528627
