5
50
65153710
57741356
386247166
492957001
90844643
834843124
686244158
901861345
103716306
791307871
282613357
944427511
32218792
574719264
42718836
242057938
965089544
299907834
763367264
940958407
810075209
550840706
560685737
753105946
518234342
505339213
828931289
448437407
293114048
182956294
461714788
671101734
71607973
337724039
241987487
766928655
193859404
115027867
81052559
320812706
199308440
111844109
494067827
638482103
227200118
193607600
440893680
337727018
169182752
297338227
