5
50
385383994
46242310
3530342
382319892
975157194
241882061
323154419
984683319
802587744
924403324
5392057
162361192
956525734
996016815
396759187
930970507
893896284
976677855
386243829
559901010
766330413
361303889
136833806
194174806
20257780
503086462
965273834
238506983
235184626
501104029
172129837
617529601
89674436
988528867
26283733
847926116
216134480
301936474
268370646
672001947
22348575
852908743
999251258
226648030
403316968
844993336
644376611
734379683
596567857
642716767
