5
50
335233721
719711941
893433658
765370853
502039967
755921942
360664726
643120806
46601229
631811246
846141159
256898244
416024495
251145063
763910756
663307573
762129673
776116839
793834163
217883262
412754236
677318237
19753788
337226724
136332000
613091084
488834541
597806968
19180061
914121294
102556566
757889469
709485560
477007116
582268132
93944250
963228445
685553849
272959788
515215920
229911937
412896345
509594836
645041500
465769359
706854467
155596462
934106776
943641147
92344614
