5
50
100502228
369332345
340889838
807110936
527421104
765517527
763586175
175955695
678635088
129025995
158249566
161431843
113629301
455734768
804240608
240719997
880102045
837314692
587743289
651393308
525211271
718706462
869584061
946487450
965420488
278559558
780031092
382205817
852663262
868580558
512514156
745574549
517358867
48524442
800959102
415182568
973140777
49352564
126410456
590953397
683284709
367548785
378310982
443378088
413292305
178547618
277537572
536167118
645572455
483692786
