5
50
594997785
753588239
806609607
915098124
335929629
38981033
891357732
186936079
437467105
430237650
129063637
861076009
595766008
142385348
774912271
604905685
42885707
893696186
785318608
151631136
797509282
55836496
273632232
149124941
428304200
363099997
978961439
368230058
803331834
404835730
480862492
30728004
156320282
452765299
418154660
584456076
963063984
287644454
429057265
222095028
831313414
977731927
838189668
493201954
606663654
57606285
60998557
598828171
915228525
564517832
