5
50
134976997
458347298
460466087
674453311
311792677
240577662
249663709
984099679
498857143
910814079
162772399
588379314
653347564
50157061
407261240
953966989
293144232
423891598
335464574
170299515
534018739
74194961
582154426
774768333
835367282
173095148
38535875
916706953
165365803
58052084
867506532
539038441
921858332
127686722
261973866
944843618
819395307
244036520
574229961
277385865
729983745
589284414
883436128
311673043
161750215
612349020
852891142
668008911
257581081
795582226
