5
50
120681190
284276801
512867657
108645023
260997963
575722304
794079896
168179726
978090350
38430299
986241694
627184029
888991282
552934788
832196089
439211692
855428308
996260859
621402308
673308908
710626926
837842433
30734812
103575480
107868055
490701442
431861269
559984831
691149270
184672227
173367360
327263137
285509688
575981852
65014505
804563332
674525378
529905734
905782278
444048493
131485143
709452437
839180864
13108451
100779378
752194742
259029297
403407920
445063361
477542130
