5
50
40320450
333808237
200310865
882130043
795277763
697889960
292279531
524017274
794928891
198372597
62049385
809756615
110437676
336265343
923543953
553807910
599348577
609649708
999849023
853986364
136757097
859147734
244020383
736982269
873215861
536083042
580943548
389040165
213189752
88755073
869199489
710741877
345262200
286784913
845426441
858311131
203151987
938020713
16030264
233763397
832933536
312392392
989738402
721507937
648753625
514760203
317682906
515865606
774868772
157118334
