5
50
581783106
546653602
716508931
918910912
831484283
922881944
925852223
812707469
203066600
464538796
473063878
710786052
377407360
603860064
493355216
5349752
264159635
525650003
293007814
972226334
223202498
235576763
755198793
420542567
497936915
517196646
343927887
986565801
194786755
443340406
107103875
517082563
701291257
877562140
811958791
563433640
841546279
807100895
275250045
253743976
266970681
403691613
284485359
477127842
554425298
535739326
839189297
6320240
335738980
626390683
