5
50
747559917
147808619
744138975
585894116
428034717
380797218
102437846
982483263
299890480
971957854
171541301
372163366
307099405
780971191
592550497
26236217
123848292
518428726
819805342
379658399
398534913
524518482
177124019
386649061
238215911
882134073
825405230
869727252
532893930
625225027
723366959
646704555
157341692
354945141
30632080
906093845
350762283
301846442
570952194
73926478
436064188
449883599
776063713
570617942
858749475
80227624
279331970
100580980
100803108
643744014
