5
50
257597501
110901811
607530812
344468702
920031058
818076271
743348927
354627582
147410335
255546310
362527382
76971386
964251424
488958072
693403343
307471130
173538004
113993021
553657527
837302724
270319437
35527042
511292418
153455155
597984921
556209503
327809528
732836075
313869344
532299245
741513752
306397282
559435482
379344302
204613824
71045925
558500373
532798440
38550428
294401427
861581105
199550098
3725571
859186016
506102528
23369907
317058541
408799435
21623665
789187711
