5
50
717187649
688572777
754077090
764802777
414057221
177100607
355890847
43900201
187002907
55429825
953293519
350811815
988934596
164488523
974959857
691799820
328176900
312011786
913728333
507857152
230609732
473309758
834225795
959985277
46262768
352906278
103234377
899922802
440261132
70464214
841280020
107773925
327962327
247356500
66622770
189192103
709534819
800401126
859358058
742082225
564879372
804289665
11527824
821715727
749379703
631295524
163839248
765743247
594998724
824970412
