5
50
304708094
476893692
997640068
442743881
715733288
60303780
699829834
560752610
57578408
570638845
295362860
736830571
373128540
719424402
598362970
206614869
60217158
983641710
67510468
575604906
83901210
177514770
198772569
408586124
73656216
485581349
668344435
516893197
551927690
659621436
959647369
123062479
147888060
472328052
926372637
738552842
257700709
672860715
609738044
729497287
610744762
649632833
454625911
311907835
242833387
811506027
439420074
246523732
741905865
388744075
