5
50
862540680
336873015
145835130
909395767
181942367
733327837
88537332
22567784
912348316
182736890
955534868
841059568
588412777
229358937
988902470
189323494
405566029
755420961
21702735
691760837
835938339
253560117
330469120
754268716
789925596
474669883
786733469
149549556
165427602
991575466
324867708
700879697
72236323
533784923
249773943
132767963
331985085
528424836
883497666
556888240
655147177
557193300
126030365
486593288
218147232
357372414
898709946
910669077
64143543
366497065
