5
50
615437694
192388804
172399803
892355041
783656617
485205571
466206130
801424360
812304039
272095020
164495635
403590823
566939132
993805890
888230730
866101584
264968429
797955173
239866666
876385119
276808916
343865134
131903259
47978226
549844642
114770136
931568650
809628489
616845935
481448256
122012141
975134893
343031060
44750471
950353538
374393606
631018105
61474768
831494910
740826313
410944852
941728173
823474139
449065638
16803509
519722015
344021522
789844246
652579818
89938416
