5
50
902056611
171397798
702867031
807198513
998490127
220376573
260168979
50735811
836940300
204104793
916817486
57137814
990669398
903603383
249199925
255886886
981045013
178453242
133764455
166232573
229756238
894370139
576396639
635425462
775270052
110444994
330812687
825247571
213273808
868297537
268096537
240530009
512794604
319816765
488181837
478175230
546079816
750661931
634566957
315635957
753506736
463121278
983052327
387699353
812678967
321916700
215247206
151342393
149343783
89332597
