10
100
205446414
538362223
255097017
765436508
785813274
759759877
447286601
789683454
842548776
609136948
218518316
304495001
885223294
855808353
57908684
317479461
179363359
149068555
858876502
796849800
814866810
703207254
450543669
50752564
860804903
142111053
286128415
229704891
646361279
6194389
722407026
91961509
845186848
710486523
242680294
808454410
44184936
572203267
985143212
170914623
520526048
343398802
840824560
73029494
410781692
764065450
392054736
552536268
974423698
826876449
421402824
666618651
735126849
141722909
406459350
599080844
914371766
383051323
332860024
35303997
821053074
716131967
984744673
467247189
387287179
604625892
288836996
707705243
184513236
372106217
541800437
375947054
345234619
25023699
565455400
315553749
136473851
895214781
345092481
736116046
90887215
517533704
21481111
17138705
170031729
305528693
686578924
834405292
961667342
684436923
73264513
722698550
975618689
32089202
341990718
684010554
353505659
352864613
543776320
870807521
