10
100
875354300
778120493
212052549
600891508
230523320
420969317
226503762
747243830
745832861
185775659
433883431
745213795
573083677
822420692
362602787
615293207
89110539
104270347
197641405
352926957
497775389
11063045
135655373
619775506
573705554
252970700
761185074
994543195
359889701
154381569
835859785
36255585
482855153
431882813
283645234
14812356
421277147
976209411
509208125
818625608
526007045
519607812
68107577
772131430
716764181
170629559
546150524
960775742
726903141
529690296
40384022
908932239
54370124
982202849
75175986
709885998
833374980
174017560
222770456
581784094
197708882
606309877
571265857
936406585
342361938
565111382
474320088
507390506
261656659
896848901
54076516
290125013
268177977
173886596
674696376
28387033
191489066
113494356
26580510
570094482
571523926
286584077
978238037
884292456
946313179
591417687
748026836
828063096
318887993
316173327
586938458
42514635
647235209
460009890
364396677
23851851
210658823
831204939
592149209
437701284
