10
100
874183874
537092379
335567644
483637664
691127691
370783094
755503022
725819205
648616527
143646700
423910557
943860564
614840187
711683255
335422329
704586737
738048395
232892709
984333248
981943500
388206320
161765336
714700390
81012929
66895855
459566275
474352937
809888992
45584085
85347562
133438531
486191871
819615120
748430222
995012311
418609328
599701833
882022807
433931453
997686189
316189165
851290420
631634660
752386238
261234521
298964589
378391405
837894130
500840652
552177738
736432540
106657275
162209529
960310366
913378870
776723341
568592318
274044581
679433048
240534291
174054295
149653606
839675189
139398561
749291137
266476516
163734517
762311473
962048473
992020999
829297189
319885200
102640366
8692622
709106821
933325973
124143556
766573341
25194855
437015965
464474069
147582876
615912603
511748812
994471152
444877890
731036336
2860670
649904056
243830498
571727530
455247774
715702011
348127970
796514293
914195925
15638152
565219444
630825814
99256702
