10
100
966036113
241958201
650119904
317797470
266341716
727052512
787347782
945210743
699213815
966733936
938282146
414037941
159056386
736502172
433575969
830510865
955088681
399190582
391756176
472757633
27914009
682464772
789541036
4964705
136260660
307334756
920175843
110854663
205269461
795736327
343421206
665296581
415444408
814211490
349898959
568312255
285568800
405301191
829873394
645851002
500942164
486153037
323865653
524371578
592990813
154316882
281351159
872411678
357701307
721951906
886739194
516667199
254970748
63372906
228572741
258540584
560924929
274186669
248713426
152905360
211290843
347154217
931279113
168230575
384057079
268832585
11287816
70167248
886830137
941958994
762457737
120324644
913918689
118375739
143229148
6782733
660197130
973919336
918651138
781532715
247733141
774502327
933766969
279308839
726299313
410480922
209849502
745613404
908575643
696804757
840088700
110480453
909437439
712533539
540260667
209103353
277160378
510292599
373823698
792130174
