10
100
527307047
31570095
962715827
208337508
685462929
183476882
332504122
570240183
739400412
455560944
991421833
200621979
318158145
943933419
910577894
286388762
491681479
790592742
559010202
826814059
784711082
384108160
138157135
377454390
920726438
583119259
673910957
567603494
704915507
723320733
133949573
857606917
895081785
623569741
622271226
438510627
688518815
452812515
619042416
305762415
107553042
721416492
201373338
420440246
790203385
175004532
984795113
799035929
746643897
294363632
451434711
199733647
546056672
184970936
311321926
293522505
56028155
384222352
264739636
305144211
100358544
337280582
914502895
389817285
873009231
136886477
547688550
994483538
285351719
978053760
99198600
238614783
623204100
232301053
734000000
174556741
441802194
257637213
119418780
350314903
463910100
403908437
929685847
922871473
945141513
469946404
388564099
562845387
372532123
853206087
763899838
823855452
272354871
930955355
572810975
799004673
293221059
76202824
916844903
986852614
