10
100
545900860
99969571
900050172
509053720
242803904
632652782
882086300
79762454
22981680
112414500
831199508
65629784
315313110
367029724
683903211
720662326
563918967
990169445
986445636
771981481
281662693
271327397
561388371
989978075
676383205
225774248
483572030
148468991
411681043
580655444
891245552
45969476
943449478
575159634
385886431
81321342
959741283
593726661
970740935
30461589
959429677
566124732
277772405
815735778
915995447
280432628
113146637
565433590
505423778
381776414
492142464
292689209
768455654
591202377
376240197
75580436
451301851
412499685
454659761
781040795
735994253
144068170
787938115
81583910
16731521
586270806
716721235
211701423
98784862
7231477
921847117
324345442
634776945
973614627
167754531
500004029
232420438
886324438
676903325
505063159
509655370
258164169
161434494
776247062
361223373
946806350
728803157
111997014
194651895
877457006
264488287
405500969
800588707
666218636
462924222
883892900
747344803
167193430
486853244
618192577
