10
100
109700021
916072685
538631097
525747746
671475473
431773517
389332419
92094638
155159889
180650512
848186218
276129251
395659067
245824993
117971280
564887792
797818455
294000606
717069061
970114414
296956645
340224327
796199081
889680862
643037478
480636671
766847177
551167661
529141943
661604419
812440810
85258680
617563349
265851306
203121600
192155525
629677970
975687747
842934601
559898262
975541169
527654078
929578274
603346431
741130832
246696051
878479909
345158691
411673380
775994005
622885977
256621733
7015038
216715218
391863842
453251212
850511988
520764285
152521475
832318865
993430268
680127369
852360650
876431045
614266308
534526833
845838235
130582278
324341917
828339460
121367039
987254369
970647447
572672010
413093110
662224097
117617423
10834969
879208513
954191873
343242670
317649255
436028149
630896187
63175991
240641310
908696044
514253493
917453807
639865333
887781740
521915078
838488069
189413943
221112886
461185884
297290712
986857974
151083599
107063561
