10
100
760206077
951789432
114223210
668690656
199569616
890869894
582796106
136215667
142999728
523602934
936566468
818091877
233631708
774924956
254529972
158306197
807715903
252576587
732602223
571341972
679357330
708498247
771346945
879177562
572788645
412165852
132025607
124831906
374681443
925564055
900388505
804092153
864944409
534856528
191723680
220924517
509779607
884050734
421487026
290625233
353488935
5980551
691430849
323342714
838394955
770475319
380973683
397148569
443658545
581545106
417774918
861751471
561686076
852455910
13743428
983844754
470961826
780348081
74868282
89419143
345757071
882990631
319410331
121356789
551654011
115991833
463364298
260550176
809930273
152153114
132303805
706570861
533095073
83055585
481091540
899060782
330400996
27367799
591230383
204981918
457344790
833660616
820300541
458880118
873206206
587355755
415270271
132928920
923311287
854435341
590537777
114385170
187471353
423607404
635189573
589679146
414507497
656792929
409743731
178988640
