10
100
792220926
901542496
13555806
681267967
545550070
832103547
522902791
616971808
330905268
839653956
61316938
674174923
336072353
937665406
925753948
361211615
305621266
286922454
320693104
286175484
807761800
735885391
118797377
233692242
978812617
178633446
928462232
140109057
406483621
343800470
221215262
357511191
101641500
991998325
35311511
110974768
938591087
465392272
226725758
702702540
629535607
823461189
667856628
272396140
565661509
218315777
913947224
701458484
757218271
25260757
485202464
730380094
379657104
338469702
438271737
90309771
324710752
537790374
877301961
797036447
903844521
324776681
281093838
433753318
489477635
664667429
942775173
354083008
899527760
418741928
137119193
680100023
153019802
147926230
183295993
904425073
689044400
440277315
567644554
500333959
350437265
202286634
902059117
391331400
418597053
761011182
21852381
415800825
973571660
550611338
439808869
400991786
401627758
778711903
761697970
633591358
877658555
37862382
876005716
614484411
