10
100
659423265
335583399
261780029
588453192
223862687
669156461
829659857
172080609
143391393
359333810
182379414
648263794
11874575
356298764
373261640
833723268
987112471
300332556
794037510
300926324
370288711
351342495
297922354
162968255
142002771
494273012
978268826
820524087
821488543
95603663
988285146
210877280
617893829
709698755
340764188
955132340
346817070
829507026
860474879
812476615
533069845
494112159
774983078
17467647
655768526
124389573
145749641
516549504
332486607
422098378
829735043
858062839
833651864
966195723
396626376
969486686
791407186
882733955
729727818
379517430
16072594
808652133
572799373
252930708
401526226
975037727
682528302
953213564
619409406
913050901
500319947
736180234
215190015
459055625
508906690
798517229
596547997
308047690
537458232
716113374
283029895
808910
610616024
900990714
486990986
917231514
509081502
778587373
932934322
323105892
57975089
505123103
510467136
108069487
601750658
35946214
651609756
567806428
15850782
510230744
