10
100
929137755
366887812
223457532
571475984
25985223
158203378
880613372
259387240
355646556
493200212
904307067
556924955
212538993
659997178
376144060
735650424
970980071
908956264
420644039
407742372
990117366
407147594
646286704
520623655
136788223
270042659
225017764
472244260
479398739
881338071
613276134
346331947
907127763
544246963
582956741
855091175
575689554
368433210
191404006
963583180
834604091
711297698
900566037
231475207
289205916
936682699
951905254
326539821
518668110
65321680
7606472
184037898
703550942
812779706
324818320
401972012
695467475
274369932
701736506
552880703
474874898
106347166
776164972
951623903
536167954
378912380
50741717
893691900
487912769
861762425
387268679
560203205
861498365
747413646
524124614
388121688
40106323
961439408
860035414
596118608
759152442
684800577
863748382
816107540
231869721
611778978
148886278
992969855
654683484
419563333
812036420
977424955
952108887
865242589
856856857
182075023
449019571
840180746
3439701
353102614
