10
100
192985487
885338919
922322920
789260239
957209551
813924354
594331353
491507666
195209220
892804147
659554189
13249351
508004815
622718819
261165421
354350546
927430965
823032919
953035052
984107797
354599933
352781755
968355630
864321589
339379051
8974996
359182720
973392933
447565703
744386197
98306296
325290601
376861883
358440633
972051732
504550672
26926744
488303089
988593906
204114693
542274892
550521156
141078926
457168563
339430224
513147338
233297668
680849611
106710256
359436851
137658712
94025090
655517209
3643235
545641632
965716346
239497064
663234770
743502348
482048041
241323794
55126413
88655687
446259862
69708201
765021798
686379609
480646167
387896505
356823145
62295691
26666764
707942929
598608315
485127907
83924110
207636257
548538413
907991173
241083086
258225431
836383428
867791526
96216045
206615214
712979540
890297986
45890369
181067150
655267042
287623876
758988625
396563029
33422591
874127108
517683473
921415913
93087359
842059141
418285171
