10
100
238306123
66338640
400850756
922082413
390532245
541314699
614895590
732775807
205399404
732223614
319559532
332369682
305527772
828702434
235580392
256757835
179674958
87201383
383677666
170463023
387775059
519558863
439346344
917754721
862082577
774668087
269484466
279492760
580152030
943582204
87776034
537161192
62871128
767075369
419322673
721861948
708895888
458401960
592291384
757512604
933295365
226825955
789275322
902289202
59377688
202528246
162214160
782149530
803114041
842812820
747848845
875659232
779806853
843387372
724335857
462070036
743394602
675265656
429345395
980659765
326864983
77904307
970963210
85170178
781875779
415821342
694723496
681419048
88627775
668378250
390298274
542714370
45769257
732043238
350057841
589068249
469216928
946371994
859662901
672055711
833132626
486308584
439674117
950607656
367320537
981312855
716336854
897690394
647900293
46721367
898622711
528603634
900266259
492543905
976254832
666994535
619287237
773150432
781974793
822665772
