10
100
655228804
736226756
6867978
642072049
339683085
339563112
166227324
661740241
629822377
908422312
816343647
108741310
220243526
467426919
48059713
221667113
701249500
731998983
448015373
886353537
444915730
781689101
361943453
7170141
625939783
815616279
504738145
514472834
234488531
323083933
179826977
335126604
303988368
729938001
345347096
216064715
186899047
530166189
663438024
939406751
405504928
498256779
257637850
997648363
135521873
71824397
359492583
698010018
22142273
476483195
868857843
365714859
502696206
736052999
416444546
775144291
276892882
456883087
848526620
108544303
39037349
772282872
911936140
712158336
371952221
328187535
938157257
445714224
493915790
871762590
876279462
500707288
610285525
695667458
899603945
22546456
250877892
758347205
814464771
236539879
138428869
456103423
414994819
493452345
365290370
78283014
51706006
774850495
843467035
86411611
709972680
295984189
961658725
689756506
539818203
265921131
423556346
703944445
708391896
541835183
