10
100
502627461
514648959
416483937
766389095
386524678
828980013
15065063
467559256
70546733
175082017
945005330
127546047
51616844
908865705
179232849
449152981
673467999
265675019
70134451
197705520
714939357
547310014
248308367
410606996
811162020
120116173
19727555
275770958
794403243
881184105
166407568
714851170
404113082
839312481
439757338
616727275
424518416
212158444
430942044
542440989
616624571
78281795
864045825
468953114
729978437
969533647
547425768
801002908
651543030
698821768
532466775
54604125
571200101
681306616
331630765
46827952
16761138
144171308
629713077
237810740
299130133
735756739
753297789
344203974
391654823
548360818
880929490
825530769
516708544
877581587
975824242
642051268
908301353
916859243
619236786
634588527
77622468
13614253
919169092
534959979
765559446
392509066
119372407
133740403
281650364
692436205
468428293
691039526
676370943
932865273
963536067
124082955
864681159
291637147
313850000
629889181
705873627
392365346
982912629
661039441
