10
100
399793249
72864226
409428146
98004587
620447551
20720304
975416736
507193958
600152478
111325262
169592326
388004166
6792163
771668479
429204196
49873770
814033870
948919249
759051593
884158395
66350126
216919215
845299832
208842633
147675828
978972373
585783729
295591543
944763367
859111796
466500251
62956855
7276604
252058240
431016096
466235765
700319738
559269440
54756716
366905472
7946975
229835358
928906147
515481312
53951059
692522204
218616632
989431376
929314908
153783445
185959506
943313828
304425566
866426387
491574245
353268109
170153772
669486396
671713054
659661282
120326055
996431290
282626260
279598769
234710483
829959031
754428195
928820609
658365512
222195135
330264581
564066594
125207464
937970299
629357866
574487774
13750839
977562547
384175710
368678267
470433262
199632943
502524025
759708119
44609914
600732177
763655892
414715961
150895172
336464893
321933646
621492115
475152791
88610983
788083616
890381884
800818728
645685582
878867074
959395912
