10
100
656197404
644597918
417277761
221220501
229398724
455772880
968317393
577313085
219855643
187692234
707991298
115384567
887730334
48765373
549059284
124639118
719704852
283290816
758500492
716654936
466291020
237228484
695404255
352136574
318153671
932626669
955808843
109259400
429432397
41906769
620069739
849999259
455462050
226644013
270564977
504380428
548754729
405060499
767207426
936320472
812410886
187581766
379526838
775820330
200243321
849925648
916082048
447405237
28108754
659122590
991143918
640826865
900926201
195746339
107207157
603568690
90007817
532331529
975316173
496023092
651855779
762007253
278044990
251226953
353810712
84047617
16429281
663650025
334522946
133717429
844299923
611858150
369466199
236420373
630040056
753514980
836884127
717028552
915424959
440155625
463636328
470194281
345301369
283544770
477033037
829353595
186656140
330690520
573485625
561648575
157184460
84090961
24643340
740081599
837333638
720803349
900910895
453139884
731549920
867910398
