10
100
555912577
426179816
866924698
576139825
344616921
68375266
518439025
605215571
359293943
81360584
338843303
728838470
301468799
535942273
894884760
646058489
120970142
36742203
877255611
129858919
97215588
675658753
581901407
44719458
257136392
966532865
685929715
531247200
724626227
470798591
507665370
453371733
335094827
311706264
16144318
394956384
672467748
421663389
727303280
606718484
799745429
310428345
801725059
675874101
547246204
461355888
698528507
640265190
692509718
89225930
601208879
973050278
536036617
506633282
251865989
102760398
677356790
341048759
499470263
778724525
233025449
640289914
457206323
916482615
240664150
837937296
826725226
573927283
231595388
357111279
380240860
694932464
737962609
671207826
288527651
873430147
612223122
16840075
602473794
2769744
113855928
911763185
640073838
585856833
56667739
525522462
764704362
755842001
822725710
6848549
534513075
412513251
82125797
369490171
386776250
642361874
631628423
300580625
461659387
947830332
