10
100
176735865
251405363
80139596
917670047
473578913
527989651
56813288
92901671
238043400
474939263
68274378
908850338
42050691
525672497
237892223
474948511
559405862
426068218
612324245
411007255
528796760
714574627
581038717
620501094
414568723
822201654
609654435
664026079
470414308
466149514
947773314
940062887
969320103
636196179
160871519
521862675
194223477
137658430
449278347
973755201
820514832
631515390
30591969
101550214
633380990
913345613
947810245
769068023
466291185
214333301
400179823
469057174
880623725
492799316
221801992
396891376
533744342
59575805
85080819
858374197
824460861
190898709
518849078
904254439
544126143
856477775
681579189
982430296
795915967
162646047
383956256
941622617
739569984
633193153
691473737
196717287
539994817
257571147
912063250
755057916
930268041
538597044
468289143
245449954
197245939
662572374
932248489
521381675
203997129
482138723
847720470
86111009
635464230
114247701
713365289
384771868
549038040
433336088
621702403
95192903
