10
100
226681836
880749961
543572032
475681110
410273845
398084675
61847272
595499915
912244619
444481085
709264762
678431204
615537767
600814068
182217366
714065374
960732622
28667044
517012025
397163716
477388036
350918352
28004004
745723176
985714725
83937174
43884585
138703480
588792120
439492273
880938530
155524167
845659305
863995673
196451460
13243801
129698047
540555082
992473984
576903114
636617013
274855699
556073644
786114737
334637069
357302849
127619732
10851128
139189124
913123091
427656585
582137228
692577235
12502581
128067449
453066183
131731422
587554061
960574992
213517986
951841721
599204009
826899338
84422850
894398778
731977239
750062520
996699340
661925389
680853015
596113549
555514890
881500845
315304194
73570978
136567535
463673100
450328751
893490463
396580140
937320072
194049153
355879416
401991743
814560693
419797806
855365813
393478728
269197779
837043569
990720239
974066821
158956007
245127991
615631235
802384806
527562873
3939647
133597246
460009246
