10
100
834593930
753875454
806295599
255064983
506292684
455107260
451826055
428896451
545200146
592013462
619241791
161560173
32069938
170283581
684710462
582372880
495470553
524772175
520147558
876429662
339529974
835170645
355596890
636977721
368557999
991918360
61400031
4190070
380257280
91276248
332158084
990191033
689060638
382271538
362880316
582198152
186266677
252960667
551935527
435179478
165878925
53046187
936431497
523924818
556516062
602329191
752404331
462337364
450242009
422694622
833860502
946695127
68395317
604508896
387665535
81657782
540023949
736990570
846852737
74043878
579026127
705638006
745626465
865197800
757701973
30108326
368456715
83563587
367144277
341527991
904031806
165158519
961361483
130661648
969239570
923895233
962893334
728974935
965632482
867788193
530353717
78006113
705654410
138684143
684703518
928089568
476885405
856622923
45019133
386487432
473648990
720209974
479202478
873154390
962475286
889521886
399658733
735978421
639571309
200433488
