10
100
877225078
352944545
119456724
671795700
868621598
189391321
528357536
829523370
622133645
187207767
227404554
693481739
843160462
988907653
727946564
242995194
251993857
731301113
455230687
414273529
300435143
185363349
848716183
175016259
674996898
69459321
883362972
400898253
849164853
391269269
509621336
267204135
509341174
370304289
459798112
626562455
232080550
280852633
935786526
648210739
781830632
986474819
809549518
99515315
914777496
59166755
478554014
64018257
282364620
704788767
139035767
88439119
408313226
549963411
162046178
99659889
531723512
887319392
889669373
947977308
358692414
436397981
223089412
958153999
759707221
948164384
826467597
373922798
164072590
392195024
712707097
217985503
194961248
32768747
293980979
10873476
539718715
208024650
979383516
140470518
675900897
851040669
744670111
339863018
304785635
211649351
199197646
306788205
589968968
796156022
15438246
979482124
884391886
297467068
28354212
521727256
314025702
532848873
282414833
671503249
