10
100
834022347
792106771
626846733
210766812
555346802
932167566
4217176
997379231
747975471
10630073
438542992
340585209
281853331
715618087
43696006
776355387
283346904
593440906
635185068
474484038
364349646
378520720
642889894
251960647
750075086
659087866
488723984
719726213
173007184
184585940
712044735
285990762
66192063
130777762
140884952
445901474
684283085
592406228
956523530
158960963
902867441
262350658
384890865
63650826
886075745
716009021
46848949
486798276
868738368
68384276
201473359
112361704
325319892
89548532
85464513
471140499
156895349
971136029
537798353
322156802
977904584
643628117
1183586
319153452
589477584
458544039
191067946
709600355
250626470
227047992
319593952
578642371
494449019
653632609
437831644
278475096
434619119
232979204
104915602
728935531
393339009
929460905
28506976
861882643
740471453
682724898
712533771
979418800
316756920
610263885
647101777
761311875
509412007
57440866
68405544
781082261
335259552
991801474
948688367
112171688
