10
100
526823722
360013081
219219427
926330422
71306632
373705251
504837678
826697805
981726275
766598674
117239532
279986760
980555382
95569626
695347800
437830894
964773570
448305332
583685105
973898877
131771175
835617970
92595302
902778665
437461906
591113868
528198090
517488784
526423698
463647935
317401021
441695064
181142691
499713100
655194394
342753363
573731267
648614463
100469480
360646679
389134495
375016479
262063130
442021317
945297254
557553424
450044649
500670222
305603531
347467270
4940244
762831839
186402091
185912212
156217281
736790780
855780805
585615135
481601519
754782160
617875569
681650617
331178670
610268065
610731253
291589098
984290449
233370076
756560586
581187330
786834017
538739018
599916853
509477524
557382603
1758665
33469146
787902999
639948451
781968601
723642026
386023327
363194977
419935633
195099691
334420964
31637575
440498181
710352960
304558810
310990129
655538973
441947124
796670781
590390620
677325877
984918116
245475421
356327312
559649669
