10
100
665926726
854262525
862115794
425731879
978156767
848260382
467946713
847368076
271584919
773767873
570503179
61560452
611826792
188868102
853288453
88156696
546513835
259093370
894679377
987878199
731623955
883281228
360330519
636654049
280929779
686006137
191272629
508942227
873457328
423927437
555569289
601657762
438143069
621711201
701698965
592512694
439222509
530481890
185559143
174483420
233671466
76319696
118338382
467415774
607593393
835296653
654056958
672742643
534824714
410586476
397256443
119839672
665907199
341260987
603361208
235103137
605469522
729013271
677349117
503122015
34888838
365449739
874143568
888475300
153931953
881031535
164702791
432755627
887125272
256794138
391526563
434462457
492169885
507560799
82283548
690586664
770706793
600379666
762353789
566043489
422004879
377869721
765892159
503816102
837697896
155203453
503955260
888539423
245931054
986146814
11853158
267589511
966645486
332455449
996700700
490154598
911803088
745721999
549028979
630684958
