10
100
2025822
131081230
457178776
687324537
990421207
651222482
625047640
112936481
472798113
672756791
744835507
498241071
740301531
970470466
977111321
505875472
359594660
88485687
689099453
693844787
623947538
825414383
327803170
1462708
253092472
226787366
644804545
376387708
932942163
34025459
424146355
416017586
161392456
425044296
477276301
86164
975359071
602509774
318845654
279208225
347724360
466440558
685008868
904407247
108163327
263796744
575126576
715497075
29721990
836002990
120830327
552210145
648398535
410654260
807380068
39978731
34980840
189914336
825615121
79334847
351473105
255493898
281739300
208604544
503472090
457890041
123047770
423745950
140378651
66928509
955345189
102027585
440775710
147330115
242572212
202158809
188459080
485404867
235101925
514836712
980615827
518693923
479176653
486887455
409845752
995841179
463021436
4967447
407961752
718412838
554400560
915115872
371812105
410137613
971492764
69876692
34300581
256784294
20462574
7845128
