10
100
786446033
751246649
514337331
586480914
101619112
44410917
182964932
239752000
986464340
536922774
719140230
544607455
187882955
503493591
815908371
302787102
335525254
817660476
777386214
83953590
672538146
403234519
676841356
50146588
475126973
865937105
804641116
229569078
510859410
747772022
324244434
67442387
614575813
823597184
842209893
865159886
446309078
27770254
514228540
480613231
610201565
976919079
804491409
394527995
331344929
132551325
598532423
768967057
50593365
838688200
831279147
128629609
131648808
573607355
151155519
245275420
309248107
150566237
184610796
837900552
893742672
825421360
918135536
684341126
572081908
990226675
131502358
492547040
555437681
782677836
275948607
906052533
789337219
917404769
929153536
263253811
975116552
755513670
507617679
571047149
896869231
256812119
688387801
98074508
820610032
808272320
294485157
528739466
590676229
213868459
11138804
715588708
327928486
847076168
355846380
35562514
246458063
519496191
50042849
733153774
