10
100
144588065
609631248
599742901
31578140
572487604
716328721
540612788
745617314
170692675
472383216
253560581
311883327
555111218
973312194
278595202
664961643
148155057
42419035
347843908
470465652
389272656
684989670
879486885
398025848
816723347
19604336
492732400
116139768
157568716
197087116
650565867
354391766
370794316
659985129
322675775
649213492
365606717
183870940
703378564
819701285
432405620
595728194
303752348
99582550
59630057
971527917
241781976
739673145
169424993
579205807
382393355
562490912
679368201
257994464
807310403
33941723
37707081
633480520
549184597
26971661
384918203
907889260
57092554
229942533
450251450
75555850
931028814
715350073
591875202
713967511
502161588
789007949
478174048
94475614
661039902
698307483
613930596
455007348
725960062
101523789
966279305
174700253
388346122
489468721
109971052
270744746
7230298
547926217
658417036
387717602
905539904
238249486
367282820
142375347
401441487
466245955
299017204
574860069
641288365
358585884
