10
100
117525184
89413238
492010371
175632926
43055193
914735298
22481965
277584428
319602573
827171961
723996166
785525440
360060091
397394484
91794594
951632708
795520852
33329040
630895925
917289404
413856247
565579561
590402902
632280447
541937104
626931375
690557562
403444327
518658845
483959759
852957751
525880987
687155234
635624346
937063130
895550666
934386330
399990882
865356422
107216632
680481713
832965676
298409665
719501658
520574653
230007564
381079321
552874128
188739579
658024619
485323286
456856070
653014205
481256799
925173063
303486992
115113814
173799614
16429403
177295019
99222388
310030124
352230877
518399675
928615271
428839594
726728146
322931718
729337764
38333471
182139219
9198877
67550364
504333266
552328036
189640346
388786681
225309250
526977534
836492321
761010336
264743432
194580604
662717963
956282438
574229175
322411439
116195678
647976426
178615015
128703583
388642095
283016509
23207645
554341037
187414085
139745428
688818736
257618454
595290966
