10
100
495432112
168636724
768772241
105559198
60940465
393216092
816264490
522097724
511417122
185226241
790736058
856148732
527716556
150122005
802763727
153398345
916448411
362721655
562813230
259360882
496836943
106217240
223908723
249649541
286674797
937347757
813294503
902624579
957008291
456147513
75190471
817601314
529143424
753720482
387370047
699192701
647948818
661374830
249646624
361715275
675103351
625368634
674022528
522174975
749571555
528221689
598002263
620341027
17014734
301942297
758704928
922566117
314313431
612769981
184888787
718761263
169758887
509332972
944772771
575319792
776998141
243483819
940157387
410516093
609623138
579496273
233460745
775398201
897825100
416611452
12674412
364077997
718740354
854737391
58006756
619464343
322659679
369863624
344972039
805631959
619244637
797873169
141218172
725305435
501036731
740634843
66430899
512403096
700001664
371743659
871966763
653162551
269701426
346079901
300516935
310978673
190794008
581556107
530178739
464287394
