10
100
770190124
964807644
23689228
565515554
440415381
744901961
261955141
935628660
587701905
452528539
977146315
902767732
103397309
509796467
273146233
28438580
220856376
902245040
430846797
293993992
112500611
380760174
541101577
422439399
926402408
935416573
523560115
647061293
35638078
978554750
293070366
602933464
938723144
785689748
812287523
446139913
475780499
207556509
143208767
454835631
645771325
547248711
173750694
54538153
40959097
308988548
791049564
948579956
38038039
779905636
852567002
474154751
206828670
847569073
7999220
145549298
452056133
242999572
925603000
317438261
557499493
326466280
502360651
707278030
511178908
9265588
102769945
861299903
455901639
989579257
531442703
14278360
668534705
626538031
229220339
667355472
225009489
676678094
181747575
749475391
653260753
862221839
544170635
720891736
480061898
893780450
17781395
800601470
568975798
897248350
827763027
508472668
601417941
1990199
791792255
758284204
233188767
869371329
884041945
567900852
