10
100
512482627
927683769
169104262
593976815
399665124
201115725
340033254
8088138
350342342
762910240
174398789
80832717
314961857
602003562
37300704
11665727
555971079
765499374
139858727
758621258
679303664
622457932
506414110
31634824
428738999
271310882
404710716
171338723
787720135
623945510
293370533
592590824
916600438
477706882
999961402
50979348
894418379
583502907
648550017
730058187
825223458
871548963
979209178
515820549
501473213
287993513
203423962
241652881
722577015
269096607
455110343
363499843
46479989
397412557
989094453
262346024
619626913
492720138
15394449
780383888
984670404
475257808
873836735
8608083
110594288
73459891
325416047
792915326
158224359
226893555
19810378
74155547
208829214
484276030
742379883
527172146
252883742
637735584
428125667
378154510
395484897
532176813
50922374
509484517
420286628
517883687
451241111
688143215
38102273
95903586
902575760
734713408
99114530
300097900
845976
21189495
571011205
967912259
197656171
664539439
