10
100
206216261
204362699
405557850
480634946
93503077
347342964
652390505
449368047
721623066
995498780
241750401
352931515
110297820
482765819
121351665
839730226
461060729
316572063
580340978
548183325
213706653
149482282
609636671
467169635
190390451
757170157
991188021
717418125
921098374
707707625
507065546
329410947
865648839
933884857
125297836
836298507
662956913
13171590
786374801
901170436
745753634
44448103
271727187
524068383
284979883
599608433
479013534
206360289
52868890
285767522
728495582
371099569
572079770
663689085
679579309
551362031
63142902
212107905
123477012
749846373
365040609
663172956
642219677
647934424
37461031
180638036
198346077
697102844
814986188
728973081
405206765
128946040
340905342
372635316
21265951
914919629
125034989
681021961
466758485
256798601
204909199
991599390
872735155
770502594
621489192
895752362
234583633
102763635
731713594
461989770
276725882
599548541
350068119
846647013
579894305
608339919
303395285
460330340
325623798
280003718
