10
100
960942506
732402859
282773101
512699231
227771868
832241208
63133567
147226544
568209538
179817832
565295059
9196020
23192763
290514180
332163829
108533399
894914597
475736295
18092772
983872932
676984953
385043071
59570975
411595185
815753481
661472696
946301558
720599801
802667946
149192250
132986928
39234053
782745540
319790289
439204427
983169006
348035031
410521930
355551089
716642435
134215596
621915441
727676887
794194451
298895726
994291502
896502901
115850703
632498576
829778313
973296891
393922398
104950812
186888775
279377864
338954445
485666460
184948179
606269446
259754611
2455916
140899506
271699263
25074318
542988850
586328834
454296398
931704053
597991532
973567045
766574395
610890269
691607898
948771543
682008443
676752180
320485849
57297232
696993894
332486886
261542114
757683233
990836116
377156769
453260982
761171898
666186127
79087594
689966451
811501040
378354454
152348928
923538260
966906616
305495418
489421903
467024716
885301232
929259636
478572805
