10
100
700547600
951638450
874643927
317821933
490320126
604714811
841960230
239845060
702167830
670711884
852744230
879935506
162995480
529521328
46777408
226373860
474281093
778541379
962356054
406563331
605656395
276581995
974752783
851760805
307133368
345545896
849460142
325462871
135880028
568843953
209560305
70483633
338566749
946920087
422509236
497342413
907846794
372337533
218057807
605353208
905397310
781362883
235537504
830555580
736315362
598108396
15833791
519340236
977995692
546435235
617212650
946814481
686563350
931019701
880172045
706668368
228330123
570511447
568567554
888002898
576868981
710526819
982803876
866242331
712552678
849849800
903113671
471993936
927873945
703500569
836947843
514902355
584756725
447615593
958350987
187391388
55525746
246980548
571462277
965384450
265595142
222980268
949575558
48692236
216248922
559580466
547416704
181913826
804608087
841502199
52113174
169493729
918171772
584736157
350168493
796714339
453600256
719188846
424977987
35813199
