10
100
214103207
864228581
717279290
73604686
528548241
193473445
880930196
682834693
225893437
483878491
146745686
768668888
983360493
464872078
216095531
971501854
813607718
931094866
229576502
520470039
63588128
172036980
767698273
430092910
218820382
722477051
473481023
546215080
450687413
775072440
227612413
911261609
243752971
640226293
994606387
716062670
694430778
145917480
180985025
309488054
106850589
841299873
174208259
555166048
217231211
373214734
348024188
417250773
246947702
942580149
295820531
928571698
551093685
589432473
473384781
227190220
277536570
678971397
185527897
327830436
414901585
305794544
968522437
275267521
381768780
941948380
598895347
412329945
625766454
191160905
739015828
541607936
192475028
803498307
333885571
580293103
695161580
277981826
916420982
650497363
861159417
304237836
305209963
701485444
739326757
795048482
721484004
551473098
649576490
504581886
837030899
455685228
637129822
505519744
203470653
797413053
589137184
91221638
705308232
654513855
