10
100
649132820
103088519
220068966
307504693
688305907
398154779
998282171
123384682
342486309
366060453
693871949
259050779
812860418
815083632
370258981
918138754
467775646
876787387
219417661
868132882
39315447
846555425
524643061
611879731
657903148
720104912
901754929
301572070
216777633
472176341
83429030
510196911
590998904
978338360
844045680
977423562
157149319
617345964
286024078
618520246
341367863
231502069
694463122
954512297
342509819
503065987
826757145
574466938
82681289
827419954
585411922
689324946
449747723
403903159
86161094
387428212
850422066
608885003
849399800
170673524
580604082
654500279
508848506
551324235
546466348
929680205
685151668
564318620
109168418
299355694
819983825
4711870
959309796
907732724
509947838
248940885
895030372
535577829
210235370
811815738
520468953
599094818
714428807
23362568
747721657
671951763
994772338
731786155
82646569
15720439
509763022
97082352
916263521
781387764
446480731
361943335
696189866
938481518
270939085
929977996
