10
100
615156580
540236814
251669834
463448981
51959052
477378363
872177199
194296684
687570628
684933618
912218616
63003449
327307120
234630993
59786225
237021770
725679514
543814009
917383905
654785931
291976169
896847851
585006257
554705950
885793000
219997217
448528047
104815070
494584009
113250811
990844406
152032790
717848062
767830013
504977506
293041132
363480128
393652914
208508700
743449444
960594225
768895715
430321981
973252222
264692295
562745896
286108129
71556251
862428241
94060959
504510019
711081213
509497252
122645755
28042200
735525142
437428448
566760394
879561260
649787292
467448546
376788453
835502018
425484280
262991920
861323365
174931411
729765783
410793375
743844551
508799494
614099172
94124248
198899648
507730240
525671696
560864857
121315770
115140451
824092499
53278078
202883962
789355050
823457734
793739520
74779854
241456327
127973985
755127598
617498292
403409416
590692868
984604143
357291864
759496941
915829825
707577336
636646160
710477140
12398527
