10
100
733902701
824875482
912780685
220082727
426337976
11400755
51760723
902253462
184823215
47568398
347620649
295754411
676534653
521769771
127351166
186286297
104199865
36009609
516152282
341501916
661456070
494338485
778812707
79596964
977859993
727038203
669069058
877693619
993642819
403577956
684705252
45145442
27841199
540562800
3420367
713005631
774056394
811955754
62193545
471757935
876918688
25827558
753473217
12904210
277333051
356613377
267877611
555968690
842862218
515890427
541730213
837606470
894001334
440029360
327040792
147494977
106035261
881882023
43308287
961976111
301573502
557930802
283549182
914372222
818943085
292367935
44262204
794117343
457272043
879188689
672326488
899243621
694027161
943424787
679576398
717423285
987670269
48707063
135335055
106970169
381698239
831441269
628859109
233287786
203984935
654437748
142940434
785719270
975289181
17052403
354210112
27496945
300055261
531133834
956035142
141591497
324209272
199310170
869344174
756640230
