10
200
806816285
511813838
231606672
828377289
456838896
206060423
749318335
782900039
293823144
452542462
542097374
208558626
550250144
725422741
168019742
369322137
742199510
296248325
256584468
882840699
338791517
858045089
902492068
821377360
291869584
909515041
879614500
467271553
685787205
823042036
194327995
577783539
490979196
748186388
455256899
981616635
866340211
871358340
252571463
393031780
630095395
670889434
952201018
861498103
142214765
544517557
901817210
827913200
781609594
466583345
316315464
921879636
374518150
723209810
833059882
25371412
429160146
395598421
365045160
114239439
158707363
441062156
298424044
268732453
767262601
868376943
916349752
792595340
407451082
636489529
887173577
762288461
130178369
885771014
327055655
891662406
526123530
40718204
23667730
307249606
311945418
347445476
481141445
408564386
659726886
952226617
640845248
747850075
872960863
986835194
876420914
954986156
551088150
262966351
22501699
166579088
512373384
189981226
68582082
613437247
142046281
125010021
911408198
479366709
433381532
180096428
992037300
527480613
149327490
615536858
208069939
981059827
575850646
837950884
417819419
860190651
49510599
607559358
902903427
158816444
197673585
432584732
577555741
272302261
254695943
28211093
606544838
335206597
764233823
849075688
2035500
971464957
115048466
225614420
423680739
878053784
654859241
485855706
810234457
80888873
535357319
951332842
775149017
30841300
454960066
565345283
994741195
239461452
862999750
847861430
298140765
470150728
916249734
288626296
17945065
422086162
868834713
122966435
714741549
88744493
562305820
600571296
311115665
390376388
172468069
736691462
863515139
484073058
867698853
146364287
126004616
811174005
930372133
315814397
644970612
666737836
923939527
783612967
483560343
956360056
15713102
55300861
268916575
214309507
372694419
783805532
928616437
353752990
352836243
971585878
879110269
75603855
447384330
351680562
525212432
784079765
833125081
783891506
711656188
524532444
