10
200
737708199
549795655
607248177
854666718
131289880
628540466
769666842
319585533
22247832
110710118
377757558
479508768
407282897
435149674
487907028
308118910
526956696
765666480
237305059
129048096
10661276
666387690
145757241
801493779
729888414
880397921
455486324
994006261
597688531
146962140
477849434
69139489
67049027
492056113
350456503
416174405
708146782
989104315
140411942
113020044
20265581
60476570
617381283
214331063
317729036
654020209
523470631
86092804
736810172
224693826
172157054
816291290
376535438
446493119
67884886
590262781
580833262
80920226
851029738
242316311
610183750
57514172
935821762
627776990
342708343
272551485
84076084
645265247
471666678
874303750
176174645
224507836
325572378
408145075
781941989
106511754
82575549
442885568
802649629
431076301
390081822
998450129
388896756
45521472
68915836
425173956
944246668
803854579
309189450
278381088
160659682
956536203
339128099
281047367
755330154
455912166
75043640
629501017
470350953
848162855
323835902
399598054
347801851
734465483
465861353
685913711
582230167
245329569
952784603
418592915
619997721
807928379
976276827
361400771
46275321
423976940
873728408
985507401
233993042
322136189
462660385
137087146
929612225
627770853
171285342
418510058
851417599
557103475
50972556
467510476
727057252
595907855
399632933
821967765
833075224
21596847
455364639
594125805
45185905
266673418
340783007
990524232
555592429
487986293
204442865
910109124
816643061
337792534
923704661
26162905
105593037
494034607
133974098
642202616
750103919
527696965
943499568
144419096
944293886
868092712
707720667
801754571
106768954
728961342
219369155
616989386
717029030
374852572
996892623
899629362
684524525
920567091
956388924
823591994
202830357
222724690
925292384
419096334
803016391
106604524
350792924
217101658
194088916
189657896
63652874
139061284
905446748
583501056
544556906
915669559
962592911
109625878
835297954
114176847
978327848
81096095
501838707
955733632
999571391
677512077
