10
200
904084851
819738411
328095855
42212231
846380616
459851728
820932218
155384121
323201619
559322948
31679908
497824033
882867058
725221056
969564470
337839635
668150026
812753577
437812968
580790078
246462119
179871024
525160333
666340280
807079
724548955
951879352
115901167
357131006
981394291
50533583
423955054
689050896
308669824
901033201
554157131
728569312
967395591
901050879
523213170
372977302
442785982
444843837
887953283
144334444
440403313
397866962
53773449
191527732
475179877
766239914
787418201
428360201
24617250
208053447
195035285
913235731
513267908
374309890
560988884
93384754
703082066
419912273
411432364
829048628
780263146
325862305
30308180
257952076
173601992
558348723
932245250
700277931
787477571
876713210
667840306
856700499
100800778
467266538
859401112
166335009
826297727
846814241
757129568
904287757
707208118
346440491
801029196
333778605
623654621
707732659
35058124
186422532
75378666
154363962
218414043
582147649
887687785
444341800
375898689
411620934
700242313
196095694
5562554
784018570
663019120
177129676
703225582
262610812
854640619
262040014
882630298
965573091
323050241
314323516
537718608
115204975
624826243
955611893
414760954
642567506
861258528
8193737
95442630
481731138
107837773
320451338
477484185
733536741
952281649
754693204
549106673
7190827
198557459
631871649
396229716
687697605
698863033
56355132
775059381
146905889
624600553
117752393
725093963
51205528
362859098
774888654
675087687
857056184
677970565
122819150
420313380
68154152
52117254
906709874
350179142
639578257
395379787
392834411
881597093
750332157
197697888
989072575
311472402
414880575
236643171
182490913
534070282
362949645
405760738
82013642
329125245
147890278
925768131
438875521
787102694
273512935
334048409
64761414
249538090
162857488
603447450
673284116
531507236
715356367
301013284
406262353
494649937
807150336
758793066
580854460
771931537
49948198
787924750
200651149
525602676
58642049
493601288
597502806
967013108
