10
200
377214930
642797910
401457355
337951798
984400750
144891374
55735301
621723269
598406003
104048797
981591259
935086472
654939054
696348129
81468373
957765348
388560900
486410998
318381782
8332929
720603483
449913713
95637708
279538396
315846294
299020946
461072332
778351982
98974760
969953310
501021408
884462162
407700088
876027638
676662675
364870056
152249178
361083950
845800325
757632381
711925958
458507497
308659011
590582412
326818627
597444246
971659780
395967759
741373694
995479367
79128933
975111216
360260085
987432320
197848107
585330205
233120454
830312929
206325567
573217019
871517080
327925946
457046327
520670474
769077050
318079181
631815942
63702725
103333771
245410932
892272668
425750684
205048803
862212469
103140737
993342324
494517102
484889816
860427433
792227120
848143362
413782746
195982217
511095157
352159776
76579317
297459942
424089182
247249164
650774562
687861362
403406765
883179655
836414327
990328886
439795171
458563124
152844079
160642885
415518731
714895515
971986940
390885444
694100134
851068761
979836695
163520794
399852529
507303572
148483510
274057625
336291354
151138432
410533936
830504429
451752211
357836175
354134261
416640369
977568679
402274107
870811272
644402908
302088091
424699243
545699489
943692191
402498042
432989019
287646883
725794352
307232728
484739242
40552048
585972844
925770531
354533123
396021088
673173439
424982190
803453032
975886914
827796560
552296290
659870160
453912061
748262756
449362248
653045017
558171755
182657538
42715105
184739441
479943897
445396128
117713359
99688887
381882410
567320065
406038676
5205407
246709199
823949164
346031687
127300683
969523475
529151829
334261148
260538146
340770559
21799014
399110642
72280064
700525864
469663136
662309728
908414883
802856133
314254356
448404368
836228346
220577078
138919026
414750879
735276626
198695754
836272579
892737345
177392685
926772187
904443606
270404247
880861604
615295281
898121469
154364131
336378110
414956240
845921977
817273930
