10
200
180878613
776461314
513209341
14901674
772870009
884973273
30775314
670556709
959056640
882335360
595434424
277602677
505332510
244769338
28116596
921730627
50027010
532400783
749853660
859158354
9570999
974009562
432584527
907195296
928949583
490834498
363788846
737551534
45117759
429054926
363780266
145147179
32323868
220706146
264600845
552376897
556078389
921988184
881949133
972588144
702627463
996326232
270930976
655018720
397122057
829191664
52025173
805790557
871154462
884081881
803218682
592781907
278369327
425385230
209005232
576653485
591336271
737437774
53205193
84792099
364089059
44804896
399064757
398599172
99930477
598780554
644827930
346851492
91063798
712742028
171252210
102428200
74954402
539334680
436595168
631570686
536197815
187488595
648314525
863349438
759268822
797933176
888850915
296194084
196795529
681496591
76986090
712002868
867970230
684881711
621250399
602642407
999736244
386661096
960983458
533912619
570541328
933350989
504919615
719993315
327175259
411344031
336208492
29814640
107158672
170593589
568852083
373468539
901298056
316479037
367868571
20426646
336426834
233816691
424880500
836007121
77001360
488046486
748010552
841444579
937717704
261714450
106960473
149773177
787373569
297982296
273189337
468874893
850130256
709682793
679010504
432767712
817258049
393693782
715127201
183052281
708327557
324063895
254936876
721765881
295537245
794668694
844760287
240174502
118997342
490385295
308545019
932120384
726022393
718289726
571967198
87695856
504798690
92821117
504104822
738872383
22626952
536275982
813259674
968862922
76543861
82995647
830916679
781275944
83162424
757858045
670715752
117502738
936578886
233390201
646552053
975466308
900153003
153104306
981325155
464588330
604041497
674688605
813338542
646822595
990924408
457691862
840238030
775619170
914293891
564858292
66704976
29617120
9533766
824995502
411752855
108751063
12834389
356900318
998291730
106525249
885959117
786724037
565371549
947559736
