10
200
720095531
195305322
258989052
143744983
693748885
345642857
351785486
974751874
965635504
496898126
789386325
279260836
766068742
69748619
116991375
636227793
293334450
452732503
915213265
124632246
381615096
606881061
277513402
142299540
444712865
543636722
668695105
722349769
593888167
126988765
419801124
480868334
391010423
956964771
567631788
681735870
858830140
964193027
498964173
975361254
485132427
535519536
228498160
199465492
37036706
690639526
784737315
934910966
34486554
816264231
228761309
218717079
145207548
226409748
839624365
415941883
757599246
331898047
647822093
808401508
207939290
246756295
588136105
659315446
593571277
582027138
625236526
449204856
218492621
694580787
314644405
728082970
304104651
913702789
630785769
977790137
809438768
581791220
256906248
515401745
916863402
548603308
896642101
907989417
28701074
475989556
54100005
121436898
559432278
133845669
834311037
399063643
100024464
226821602
621590663
763373316
444097704
533352601
380901517
492813809
252809353
387618457
600359149
578565758
484905012
933504158
327794644
374688113
20723797
643692798
727494570
184064651
819449462
248779656
976521398
619119909
525350817
696310592
698873485
397530933
693846738
624912489
113240469
506165233
582717240
716330237
86222979
461466390
498398157
764440888
308708519
326743991
101696565
282138309
808063425
704197384
802758977
146508263
1912594
438713917
368073131
632856478
89867978
541483164
945415699
319037807
639855180
565787633
331883491
361078764
272783683
793675067
981258781
679326096
154771113
474831210
373440309
28490799
616416761
541483999
513704893
956065268
140547939
272291730
720979922
663597142
17139194
953256137
108363338
555807782
712235042
317516276
689119028
675471568
212975981
837676185
497141652
764013316
468865563
134134223
465157287
143006592
548360780
499060951
282170785
240334802
592345211
729063440
89190177
312048286
49292909
311737680
902945020
835104104
221694533
825758283
423929699
340189919
416291019
786684368
