10
200
216533802
990571523
831972931
673342459
160426433
896673451
297566701
255560280
358677540
200919349
414547743
143371822
50575604
572541846
788923797
901248267
135574256
845005266
544403530
766445723
452913561
569814353
506466889
880851264
501348134
873656886
620798042
91399188
562036199
55172554
846835995
826962960
132990263
202211129
966818535
491238417
81759243
867993918
825706282
148284990
596734158
361101972
136857350
816105683
417657507
544264908
989709996
468029061
380192778
61153898
912301306
761810811
51283945
609893971
528885908
741705383
898178234
437097781
441785570
376909627
745051166
515441492
131189579
553701476
461469098
252591181
899192865
266250242
357973929
471639864
918269205
621685648
744120733
887622211
578434160
164645715
173496919
934971426
71373814
919187362
544369886
910747732
126605082
25500637
50939674
418506199
618642723
933434912
889387634
802290118
274299639
830314397
831986936
520200217
550971218
25461738
572299824
988476173
654545609
392645723
320592571
14773613
792028581
107419937
89793233
485254577
551334621
262689966
934113278
109352854
419504328
27834346
481639610
334073094
153936548
11729939
925826152
10166147
9032066
373547009
935435689
320973370
755801678
746189908
142370815
242217892
380182412
887442313
827822158
476118006
447702454
221824503
301145201
462376498
40326166
218942190
366952204
458076382
964791071
802131700
929443803
747577795
644575613
729810776
718506801
439261095
268356124
707885313
552855826
67836190
840563687
65932255
697820480
46188860
11464833
721965643
392526529
783149678
383100524
303545210
190035178
997817016
917283655
228334996
996316731
952853759
659027252
493799730
694621504
426304490
415198927
728634462
489007371
938886019
867378280
929133650
398703985
104483606
780443703
669822312
441694543
192646705
239230297
853926976
423153509
550984418
37138204
935102476
525927457
470463608
373571186
617285861
598590106
598782918
899456845
787835288
873323939
143680129
238191308
25127924
