10
200
141472462
449319241
67633445
904845002
908481406
828476988
28205755
510450838
301600418
558943779
125187742
456445565
180467039
452994330
639173012
490838538
912128560
247150564
707603361
991342166
860703220
490041712
539452692
370428633
956026681
248590393
226305840
529200849
431138298
311130841
865193913
213833798
416963703
310525344
113302974
1532175
556798634
19289505
81678847
154722172
508578110
909181262
798510952
297386822
74323984
899265331
957465688
223170203
796159130
550926839
358041016
696951286
503509736
719166032
383381622
263314315
479329520
199952572
408488898
407542074
990251284
179237579
679964844
902491081
681164238
713248190
296583771
16127815
712770456
268787529
461991792
120585312
565084507
276683933
620449438
520278800
797860849
334094755
818678239
347598862
105127101
550714907
552601969
902996255
614171130
665250730
269919540
470482058
597188274
737937946
971351577
764053236
524012109
534315895
601137924
326717989
131574062
79401152
912317432
300989994
762776841
565994614
403268166
100468913
37160865
613526093
153871114
591228280
362486005
752706162
682394234
334238419
665777843
195185001
200202288
653382466
374241881
610687360
612436171
965003490
327375661
889967526
377733749
801469061
599772668
805327981
989918525
149406949
44602307
966675337
151474959
774009929
497397008
833417527
687010768
106513992
249052790
416724663
766931951
873506377
894957187
189121790
174456245
841061504
245852588
268995557
374570742
857031942
893555416
5753277
762157968
520606360
213815005
23619250
13785399
967410244
400996061
226112956
192477822
883876274
966197731
855184735
464331141
27917334
505071423
520125596
978954466
894536974
450525453
265797386
841755291
55279898
181443048
466941275
633287918
154250901
442337267
483690134
258389647
340026892
459788236
951390066
118171204
237621411
397368908
322622811
230098331
890006837
143478183
123469205
482512770
557152480
223088485
531581336
220733047
899024388
777625884
688113290
226688557
282381183
