10
200
460947651
493812787
69544547
513076005
103747028
224336858
786360041
345048341
452612689
252287014
492749644
291879268
280662476
17165763
92954344
734547930
497849955
283106237
912775620
14236609
167310903
770508900
276626050
485866983
535599611
551438382
570092218
243184578
294411489
415476305
451282387
584034329
659571379
352382613
724624925
205212440
260864055
659121671
165337285
499540999
666917479
532040386
687833379
78467827
64785063
239799878
897369774
223616306
779683567
86170374
389213547
268313375
809748951
950228947
716037481
858942070
254732246
108007149
30381358
187970093
499374961
849848110
463553108
782912282
661439022
357913614
590834232
990175217
953063321
718421326
580022386
951607793
555534140
149234502
274439254
726508263
372539863
207520389
930993283
158250306
478445158
182116238
658659667
652333512
291284166
318592133
74189696
125761609
90481772
361816310
472273667
819245687
804323775
826682795
170088611
573795579
337404518
495440812
589096446
950720263
813551030
969110617
314822626
512926082
388384178
71333625
632649908
60847244
196499262
718332313
977918049
195193965
618069956
979262136
496590860
218954827
462983209
977845567
151523793
410357395
735522767
696059980
621215630
398954410
962485597
966137705
578776859
709829213
231743562
708729668
62897085
139749185
585064407
472330655
931151860
650363233
138674275
458395202
835307007
662600602
212055688
733495342
928059671
848793041
977034482
693151815
260209458
857110293
704986357
574091739
373406298
427349919
385005508
951206423
993133158
729810011
223070520
231736888
186574272
411360356
466383202
338674782
971970717
995066369
905616143
893070944
194105940
597049048
299451661
847048956
947968665
174122105
322106868
540837245
327618671
80530527
683153308
88181948
203282195
477339900
308230574
590465082
493563909
507649521
638160256
939756797
961440359
486383726
484568620
946827666
647074084
36325737
574038448
281948393
766665283
162491361
3165868
14014960
77322026
808622813
