10
200
960785367
655417402
835654966
436763983
425867097
150137117
288238651
218286828
758023608
270707512
27934059
451264395
394661656
680850042
990036904
73502616
259093280
277491229
498176491
187529125
355131493
230689270
623675482
667819005
448632563
315943977
794751073
265798755
652300179
738347943
138406437
642740371
876699885
251352365
989437216
96203120
472754182
636084529
70031780
233869897
636555812
834259801
601227959
692006115
605842415
101636146
6678674
897736498
886169513
23556922
648057914
141785584
837598907
975718770
2311087
564525764
781255177
211336419
525590611
971637441
272973022
424105553
862051628
170613122
917454007
282591072
92103604
678436497
447277612
141556636
880882061
681889021
581312008
728080433
603438359
196577454
12140997
310012017
129772379
697866240
926848039
853003860
969059737
929816828
431232303
770829665
758534474
981412462
570567499
38965999
675944378
963296407
129798415
698322120
971940710
456366135
259171618
358420756
320309169
37764113
756878930
227145367
452514565
679491826
884161762
102888678
509261843
441238650
379213241
100582114
248199741
507381808
2623664
83432798
45462240
511780782
619938924
647183686
194136260
204642960
310538247
199699870
699105111
671483488
208772743
137259589
417051005
39544553
673717109
970141025
99867517
941570574
461383136
261069925
438440598
156668449
318527454
807396252
588084544
49769442
430277936
250799019
217687086
46206892
183391118
625873317
402485138
182103982
619334970
408427482
157748970
504363875
68051657
649317854
492925284
264289552
21370388
507772707
330218541
236457002
106870645
747323330
8400808
707381227
78116962
816875512
405065399
865528938
307663328
924267343
819119533
496628059
976048472
196125472
740958304
866833597
54165330
275670754
501926813
558062864
218005668
774463525
271282585
574424368
565059534
182193846
199792321
671724729
834723025
830907475
881095503
985606619
385684055
585821816
440796797
349451770
112592967
631322962
348848495
710342656
