10
200
299962582
440118742
819198325
138004917
264427421
543455080
554384531
257275457
807558709
679757184
237666701
85598321
371602398
639442870
70683793
154700744
643588560
136433957
512397464
602938993
188743326
536580936
786819093
248203465
196615040
277846335
944268625
559176333
108030918
748560436
300931915
923169958
526559516
644709237
36103979
503804635
712725177
317024484
870029202
865214918
651152099
189964304
572673041
777302902
706256267
572961952
444202863
398091295
496734576
553349429
695882985
86539793
119825430
428051318
820140136
921502622
976600311
762714200
233310215
905288047
206985831
737221397
56529807
506825649
931205065
906548119
878828849
545897004
933318658
776998609
699981545
530120746
595696467
175610012
399570478
392396675
718558692
749144982
318850538
890642471
180865523
576369322
714460904
657159291
225557676
303042328
951754378
214859888
814299448
406777492
70417677
448002629
397729187
568699980
175732619
53335344
713779136
457887441
9232718
487075474
489600134
801553515
261519138
789967041
758534137
312617962
215078116
347217150
943550005
842040499
399145599
627040159
240449454
662661492
758397705
995405272
805221329
112989413
103573167
826062524
208971593
322785594
5600725
866982882
310936041
318501196
577107767
5641566
293520982
949590092
565062069
23921254
563618682
15523992
363115726
129031837
607689906
707036532
291304151
502435773
643046848
104697721
824947794
617657446
438870586
962796279
700909722
284757114
808832782
102129402
100094879
111802484
819991956
801269463
676763367
835235085
30786579
380279818
553927021
207214956
770585621
848316795
828039145
185340958
362205804
637023628
378617531
258324613
357022318
410426416
24523767
997063506
334841363
867906457
166054417
688315963
533837855
582435477
62060545
960164949
85252808
240245749
274895568
320521956
299780287
383657077
112988310
284672253
22034650
301170378
972662915
625539173
528592161
380990677
165840395
301834691
82624043
490587416
664952812
867937964
