10
200
593583958
287912252
764208478
22715052
907144726
683044590
424683257
908486482
179226030
186837163
599170877
492226573
410259654
466583843
384694180
348805297
768364105
480774548
954624794
775382957
488371101
432372200
903294756
812382699
50146006
947962376
865740427
430155887
262280440
950516966
347127396
103266871
740369126
670812637
200844865
693286275
796380066
926046512
36095921
11113263
9837500
270596985
596094166
302285818
966249159
841211470
558264356
106971365
122860787
550999005
307575948
303624592
661055196
681031423
21984918
917566319
640952507
500139879
111054435
887201919
207482297
225506941
311674621
907885450
461841382
932906140
454334970
969099116
128142420
491876384
58996431
929820844
146913129
275708741
499044664
932411292
488130289
872936415
989660949
870484829
565110253
900916826
676207029
886806428
188114982
379439464
244939410
753182248
229388668
650349877
873834702
38380580
701312060
187062083
457732851
136933028
540182419
220602224
762077116
121937285
582381020
326227248
846661245
972470193
551173304
329994909
883134021
150671482
364890351
684597743
598544855
977836949
787105818
48092957
837285459
867818526
801831197
147214071
221788474
286698761
121135718
511137969
290676750
952911354
741916896
380412640
160303514
815769523
50409467
559190117
789581958
166439703
309600829
176668226
753961802
479650837
923778018
693178009
184737140
447648545
467112994
236805971
434987372
609500948
928608782
112407594
986060297
319010091
79010721
941824034
117596291
217951296
661993023
168526813
923025002
625958128
320172935
671773409
489661977
893141112
890673437
768614966
225511291
504150148
575455528
604137076
623133478
355076566
17793273
719430597
983909949
908593614
859654671
282369748
618447289
194182831
995314812
111649413
734517100
295310021
996492706
935769708
467572904
427510557
296152112
960221434
891323778
734685719
347159659
619480593
144721431
281922355
830249481
267693401
349333871
323898960
158627847
941468059
420379103
321565486
