10
200
461741942
285544365
105273328
559667392
592689508
815334606
851444833
201748152
465037815
655288527
897791552
89553776
277834832
920377258
958615361
22459370
719807495
418522011
301208842
892807236
459936569
752817616
554453220
444962185
749453993
585163965
505257710
840842390
160422408
218971208
152077318
216895867
96930128
888766583
172467959
572232272
290008711
364015915
723773827
38260557
683261732
241418068
516447229
790399076
210236047
778030732
782092188
71314669
113109737
575320079
801611059
539697724
920870219
939498303
541655690
340138814
671769469
975912661
517664143
487912609
53437005
244003446
195664677
292435660
855911413
407932823
362328816
960342302
392896313
114065918
733714144
361869782
560191405
206351958
242602755
454088353
319816904
458752680
819792762
338026240
710088560
909332354
761977226
937630301
718773638
206680266
211646159
481707672
510780828
206580915
542651781
254096760
41212516
985839919
321787034
32681559
215660013
886057334
131536399
243308017
126772819
179275445
457065837
655310038
514997684
370073045
595955044
554326917
978573691
372976452
724629596
304602161
208456279
632718371
368456451
259858471
484013672
279998392
995114258
400824264
260249058
19102905
800321731
860981834
84850719
852609606
138523114
896714150
129054957
893550607
175046993
13506264
45158747
174933405
123632947
217179175
898970766
832741150
202387362
662642398
329621782
920615045
167690585
521429851
105415037
22119951
442081818
420123102
752554954
959548134
450244916
205285573
86386436
368205760
58101012
982151831
562888042
757548433
893395345
444007476
810969771
182966051
516987580
373560826
23695906
991178139
938127798
559606560
169961347
68579672
193064744
330645059
56989105
284533745
44104149
482083752
995998927
598740827
351875703
991729637
743722194
346399130
716629098
27745122
959985309
89196397
347140870
705664650
55408747
80873631
824119445
434704568
758954554
744168222
93138313
517369912
194006500
883885840
619178472
352850281
