10
200
503552193
138064791
61135329
125527327
689977315
421958322
743193271
561011323
219640693
73738255
824483665
147755440
236666760
818715233
478185684
357589935
119168052
370329158
14019931
711021449
765387541
868451534
234495193
198369481
453629655
810723936
859747690
896490240
196052581
484244053
420298074
134180228
119918102
876675699
48803564
14268633
376350059
277594266
383701662
149128927
21647198
466141361
236271050
46827846
408244609
673221760
941354674
527200460
836835633
848570766
773314244
698621862
544260587
597334663
7190672
179097818
992585248
394562106
548062398
546050034
914328476
401820607
194797481
733292545
835086650
328329852
965446336
454506300
714986626
512337392
401000521
621025236
882903165
739554885
238073558
934569875
950445551
65852209
125525621
178969758
579485940
787512396
31997306
510359414
297799301
945200975
627527134
458328119
114639101
280176960
571431178
145707825
227732508
837048664
412425583
77117738
738275354
732831285
898830156
25072205
643200578
605311011
929309673
238753068
764857347
581516869
341091337
465417405
107014748
213663562
760948423
488281695
20424748
466045512
828918371
49417954
215521160
581521664
209353693
931128721
713175245
172942843
106559977
118522816
933118306
559141165
941635811
606013766
800756448
575880774
349829799
116636656
569323035
336388499
877781428
453533244
298401141
986006620
938710662
292737740
783047938
618704493
53322000
442613892
963395063
670117251
847785049
682526814
655141839
747790710
619180695
11458512
924508556
220075845
556090276
536320671
770182512
884674702
105881737
835010264
593894465
258627008
705755457
356202186
908129467
33178983
141206922
432135410
751533502
95624651
973422459
88692671
878520756
322250201
916292142
747392256
510563495
1561303
32346414
524298183
459371983
668840888
447882835
59991072
414561349
569130323
135675833
555115590
420116616
272425190
208093949
395229641
840893858
568176024
207891126
862550645
143785276
355875577
481550106
449897418
