10
200
930257485
988243525
356322131
153330595
920011549
623043292
738101218
218200270
332827695
214633711
593240654
830763731
139242609
484207066
721586182
620976319
390741228
996760580
551408722
784625594
38167071
549592574
996484035
65770619
791349196
349015772
691347918
970137386
156051843
255518210
956317218
664224119
969025487
383615252
17817121
762550582
646263449
215542885
906200099
931240976
536261856
483870856
603138356
582349095
260290036
272773752
786101547
662360445
219447857
477134294
474243904
660879686
42878642
46285135
333577191
55313401
859023462
675307267
766062984
605846669
823954838
48262225
564708296
972426522
405172132
477492406
120676588
921422367
537567760
356139233
649109174
72745617
343218194
414697038
68724523
617550300
669390743
3600415
821968445
664796274
707338665
629572936
670765831
813694349
659708514
742823457
879519621
311977632
73786593
556398528
276180970
160340378
255264398
448775819
273664291
289434214
724435650
142218382
666970460
440216656
613905408
387992561
965715050
314462954
539720810
524976649
729555627
333775015
537381828
590269849
281547035
13728532
600024023
448455245
384064174
975403245
463618863
940317003
776495514
121643166
672129813
298985005
790183454
687698605
335921322
416873438
700142866
474749489
677187794
801958210
34901935
696961634
933977095
2970472
113093134
440179478
869397315
181206883
527492187
598047126
170535636
606245965
707137479
759281245
908850082
607969175
50501509
513950556
821897470
62839259
145317134
289056618
160009732
936249233
351276071
795852219
662911421
321912557
651750761
656531808
30421414
297102940
555027105
329031367
421377644
403370778
920782086
616603332
813607572
553349862
312441595
28804269
811126061
558410295
534395378
453588603
976211756
98573900
168993435
413366165
854065590
900693477
864952075
594339274
379839382
909710638
81112059
78678454
898884988
346947815
186105209
487913301
430246191
697161936
958310383
83632509
501491009
869648573
786661924
137915581
