10
200
674503903
577795876
32057001
684601054
374636926
214472085
654988627
651532389
762782689
929848904
276237229
807907026
441352277
341530489
38305859
259462510
803557752
499628798
426581046
248247693
106960702
577857395
329085363
177696154
266047196
843420085
420018406
324207192
641869276
102621622
216178975
961544168
369923360
605005679
142234838
465960008
844075547
98568017
163137064
23943547
898891942
453220083
506285266
818615410
95033459
794792804
916563684
828722475
864131902
834108372
990983828
190164956
508902165
837565244
831299592
897110118
113113966
677804903
114131033
22003587
574808468
749702225
670650426
759537999
984269079
724757237
939182070
234540713
92299407
452451525
308422116
964211557
29042127
681824951
264147372
730857831
995547380
331297167
476147346
271313217
297021980
25529472
24006700
695527036
167139548
873110332
459734941
876296677
518929835
723057145
429255548
402864742
931174899
246316662
701438471
378266164
224393233
272962178
719253595
111827955
108642531
661376015
461511027
931147616
528039070
732855451
790933455
526426320
677680529
33628842
255690694
754434811
769379425
258963061
227600205
200582130
916855517
654132730
565751488
114683474
40927088
148876086
453191409
111079218
504670840
54426976
985893637
839429997
571498742
87109137
502872816
123228836
498084539
148744730
737010780
252157937
357680373
701804248
75432749
497162085
190960318
827635907
86672461
414496585
522388450
700673389
585949073
73982378
697239998
403693805
534556893
546280125
47929439
608935247
599231504
734775710
112971264
278582166
383484520
414321628
264530931
580272298
689452804
149051895
949638162
138969367
325469626
505581200
530241735
178163658
502543861
899650954
242682598
932253824
972325386
578877298
651654123
439539793
841056314
656840569
549997960
438858785
52561919
798819173
507452964
348562155
893408466
861369157
93807819
507876392
201940910
983952825
460925135
990715140
142637517
488582461
842404959
19176613
301853898
397231793
