10
200
733622429
641891234
853821966
876396328
684320343
809936122
857550760
115585496
89385482
567587580
399605836
787228041
875044131
549886592
158911464
414144721
862937356
329279419
695679
1149141
808456130
91623565
63589205
795274653
914801862
932335315
350997563
61852585
84488225
429010868
419377728
944970917
636625233
630488415
594027092
960731583
857982582
961253112
400847310
613592602
102655483
9548562
718230129
346405224
481743923
999709653
841870620
733719103
59270529
923247979
948945503
693378579
394285523
539461164
683875608
566305573
159606728
742805498
599962656
594324834
544590394
319701049
316300986
636991104
924436230
631184151
702549013
941193693
849916856
106943548
336363265
116080996
673113050
627391158
310532041
541747104
266546867
973136563
160383294
568670881
684863221
119582555
551903877
833473338
140682721
987649136
434513750
268780993
928360688
128850186
881679142
716694815
131048094
414241484
40971849
713784382
774309273
167533637
132540784
682153538
112820269
407758322
156003734
892311415
621118526
197899398
529397161
794604790
706762489
954289073
259529780
888052295
822177101
437107423
818785217
734819942
731438101
317713162
581584139
173359528
953980156
380877035
509817863
148621342
52076425
374274751
807647097
645016108
267403846
769521831
560621660
358484456
319507516
414173729
543026127
151492867
324511280
953525670
21609755
23086198
228046894
333743116
983764530
852268609
272455096
305258096
703336835
249778939
333472831
269336969
899695352
700683811
789898828
145519006
101248856
958774379
593864961
773901628
284876736
435607945
331046638
684684042
427570550
427975444
881456262
587843732
775468824
757658175
253587116
913842402
293670324
832195413
995653893
609301377
30905481
529807675
467004787
206471476
929079773
719326856
166316291
820813335
782591858
419204389
853315701
271625085
227665806
306035348
104877914
644994991
921969329
334580281
356879055
113375022
672321601
448469904
206624539
10550491
264324416
26780181
