10
200
307909863
899153204
862050469
490515491
300400517
470141030
117449334
270120868
53951366
729063186
444080551
351492517
287299110
272489318
263852157
430592598
609534113
339947398
623213286
492030824
521897705
468561096
975986537
539675133
339229299
245811020
683204893
698085959
87248841
366901127
47096746
516893065
490684057
748600024
530183034
112169515
570639
882198464
10712554
451756051
778666335
525209190
577184303
752118005
787876670
282619573
783331616
76891723
321738653
812810502
520416303
618726602
470819859
229570213
660923007
78592768
34525534
513672291
624825868
715753390
97525675
818237174
217131498
139872899
982308668
530429134
785348164
649610934
879975476
650957203
291077887
769136967
34033599
871212235
861610035
433756983
144694323
366786110
228555010
934589090
136987607
527002729
354011609
349383789
926247956
516628053
358743362
785989928
50473730
804411329
588938723
555545850
265173593
535974812
518217826
253260815
749673279
217948576
416111432
530322982
868694397
841590777
326960295
381684729
95781910
130035067
604729205
457079266
922157100
989150355
783435010
895925677
839491591
983523660
769578423
225895751
429888750
587322492
332767613
399752787
583567987
172221371
45487607
233267852
563363947
796117824
447554894
72557930
245546980
398007487
157472131
491909742
166238513
587778667
243084507
433778861
347984054
166080710
139018784
294215205
163486939
122530308
611077418
356981267
832638122
929233408
61705011
486870811
119722453
445952982
709199423
592761100
118456531
22802650
139661728
424298442
339712019
876651025
805373297
54928673
961104255
93928616
848827723
799396584
825457470
652863719
265166521
703580911
554891941
851041882
117022734
154382927
264413079
553752259
702055059
384018264
549585563
772445687
40817559
71254390
730814788
80367703
508890297
94601085
16567644
615208486
303241222
127373361
52075784
177995172
425226944
800911012
12091970
420328810
211412422
348687510
677415312
425650876
507997264
584815292
