10
200
960182505
608382273
880411546
465705585
444730915
229895313
702684550
104590762
262052822
662468417
180527154
270817724
38431543
198434792
595303188
901125463
66691708
511340019
167255202
725049664
564243618
22724382
56517660
980845591
724305747
55195198
862419111
410084814
761078617
665272507
364369197
897038143
410324575
864616156
386804485
663844072
520611529
724979774
823453909
340881464
440684787
654091457
658597042
667615081
870384982
1631948
634836919
875803283
378364923
840435551
998432804
503966746
638590659
463729932
241991424
194987894
528183676
82034134
704647990
406684891
693983801
854804019
837730745
335885290
457061576
687019903
664221410
421841123
628919872
503392236
561730631
522008058
885066054
308434066
824785992
738730405
74420309
958494089
53972925
734401267
885386306
319450559
922296152
484370302
87076376
386168994
961247776
218751752
263077001
782119366
630791337
571968407
30269755
608029453
966850162
88160540
877894750
844818505
818479898
321829112
701919973
340068697
460092761
462112982
683681712
192742917
776781804
868117884
189898261
106551440
856291985
467926434
519214535
935508962
345699661
244705113
906848013
429446015
494026833
928367061
610474863
401948197
466420659
854487367
551260505
48698991
391626846
627705844
7646506
772581093
555772021
632602187
913122505
619280331
21601003
765856681
19941757
478807538
518570736
90945425
557338563
878009093
162402993
138741023
908285364
49574698
344691889
41065418
512436199
139311817
953808123
976280001
978825179
222311455
667791659
133460297
234806865
35315704
232009426
333001934
326117974
397281667
967233672
619322223
184006019
367906486
747391686
924714576
771664425
21371794
115685722
471787336
796631403
752398125
599090165
564850327
179990024
522960662
227751015
427052525
67125975
540837884
200488246
299509770
191421117
886321490
370482086
29375883
115284736
24037725
327013665
592823344
46599633
675479543
40061435
796188793
577092428
784064453
527544266
887348327
