10
200
407849117
96900318
468957713
230798050
793026102
105505835
10106237
381802438
66852586
165659884
786028160
52746970
219338131
238725257
25697398
6645891
323489793
633449420
813457288
566021568
981972465
457570352
488208061
798982608
609162032
621528435
339535917
117257383
783453918
36174782
72852369
530515189
195708262
771379210
807674008
159355474
520533910
591998014
729052646
790405906
685396314
947095973
889040948
253224215
841389578
864669137
251722419
259575947
811575383
896175675
763586974
951971018
938424557
266424558
968988664
644663031
359605273
253519523
502602398
608708796
584577945
344091831
155941272
741728617
636079925
312283013
784739772
902890399
225889500
102759058
37836516
747714253
515264029
577100439
272105427
602055305
137533870
700003806
588347257
169655167
519439137
537984880
477257157
412282137
309934457
726360011
819088940
743192111
335658295
910140595
199109147
679133473
320448496
720845788
194036309
474252758
193956113
288192891
887738199
354873145
188849425
116962163
620978316
355232914
720926043
254366070
517903785
719051566
727224506
949785532
188090406
67252753
761211281
700754834
487150317
138337955
296633317
691405939
659944695
14885684
555001902
750007569
277815411
605639939
988503767
500426968
919652553
141175740
513488036
662736448
134421988
624461882
643744413
39024611
50444630
37111628
349931266
427648453
604083916
298867070
570879527
120615366
482260034
535064304
966057493
475531586
317654310
594461410
148140873
882255411
277335538
830369149
708216948
426370590
317306909
302836273
38923599
611723966
84209638
775053258
1377889
502020959
758229258
903835368
105337115
466978528
993413637
168779828
503252789
113548028
556064144
850427889
846831006
689613540
480730873
758221959
589820811
375254061
825414140
79788828
874242910
140416401
88233580
304337220
39786576
326759202
148362038
495334378
856125941
936110986
91149901
942287824
73350072
610047036
440380713
232997236
198475438
56001024
432979775
757353375
