10
200
528850280
756772161
763830282
132559014
63899683
621802760
136951610
420184611
574941094
154272653
345201783
674642288
527102993
308537336
413888324
168749619
520273375
421818260
141533175
211982868
188435317
206307057
624547872
988303809
501145925
340092551
258712648
430562493
325412618
287581795
885035433
280306659
791057520
501513393
31530284
611936117
684753291
145350450
779589666
512451257
945890295
458461876
241597696
209070630
938897865
598378216
75154474
988526761
510375316
954859680
228596971
448599694
511219622
706224827
519503233
883804871
338868347
559105932
288403826
488938282
934803220
125621437
121329763
219675775
991333554
874177664
949220874
444050110
441965493
317027123
896899351
933201993
48490612
642790828
799773049
729752647
659982601
460825828
997255392
402888103
610968507
511881949
419775502
201902187
801077990
479836005
932724647
394322879
325226309
265365968
292377110
797007619
562336
498292571
224317916
602157705
372472777
597210576
317683738
358105067
545979532
376046993
224182391
773192995
948934386
677261155
854397489
58072795
39214119
184225362
364476254
900448580
140285027
741362293
736153572
997033196
502068485
81542680
266491782
932282051
500085036
681709869
342867309
788148887
627493028
2241443
166115186
707578454
86773918
413240807
446029123
178331426
31595923
184284161
382454757
388424548
863572938
842654277
26355760
328648787
156723487
153557157
689916441
718535684
2991286
530000765
226187364
517457819
997751207
49221892
378653756
884849782
732399255
304840726
414653327
914913161
356297562
774600640
673497648
271653440
276127324
492202150
766566797
524965492
325051185
57510720
337302198
304089840
854499505
359542137
843586330
914437763
69862495
297988360
299771802
139273835
535742307
20072749
304686536
437329570
399799838
579531513
113337200
740510166
599334530
918880098
791158806
162575017
747310852
765262006
495669238
717427286
197163176
777616477
196169482
326610556
195273380
912403137
91466344
867658470
