10
200
964389338
103964503
102907575
469421698
725231092
952936457
233759011
862038739
665522928
634115533
502772756
225448925
417403496
80426538
586174811
658354158
126188454
119101364
626706940
912361372
202556414
415660741
836762492
226484632
389110323
881860203
524366999
388147462
683529670
252635078
366220265
54867776
230142460
131656583
250476267
818752641
36328594
718179711
524209032
277417572
61916089
753948184
597278808
322825921
281364024
151021445
235331719
247057172
977415201
345458691
345537316
999794616
285309011
966308427
894940585
411029589
334874911
316553971
541779637
41404404
97724275
387778039
811995438
577987978
147778981
513283386
855358480
114167145
156717250
35657075
362105488
203736760
282025284
928477556
919927694
581596338
479337926
293973349
624118080
288522358
4521127
106532706
359910136
679063819
685255778
563482155
731286593
216416764
386397053
918077615
724946197
58145547
353959209
528376061
276860327
911150199
406187079
310227763
322985260
581766065
283161557
334306181
340924768
17291400
346597486
812195779
524845370
816691925
763604134
862479033
17912440
742008038
344935282
956827451
707782611
311847170
963656715
706529577
372456537
111920579
141389313
234951365
988330564
273810816
859874660
443069883
278764942
840734992
752441054
478237182
242076246
514459869
887052102
112363187
520423957
775386868
99775276
841990321
728090044
238343720
113541801
710256349
25000272
718327619
98879368
736642609
347484493
83615867
338204724
184319245
565126192
433774571
372503300
297154890
813680799
727947346
804176155
141805119
979719814
982977893
240525235
937327842
714293779
210844696
855017588
885135602
870996634
556032279
673484618
825944373
1079593
928486952
270533826
32887445
835868748
107425336
343973956
925826242
714474326
354412484
516427666
378762705
627530094
808176500
153975310
391123219
673795556
732686339
975340983
377459589
652255678
362164428
18298300
29222911
599768163
166505605
988667659
931703886
201427391
733874375
