10
200
90312062
60314116
34035735
165158719
351478469
396274066
35987105
943011268
225510015
593719469
199842956
320549321
920710705
372336358
344300767
314552293
188994055
754111621
294660948
868399521
754304285
655014908
353104128
125136735
172111048
973274170
670101303
941556350
868067910
741348061
721886696
574391691
270973322
132889771
523918730
990651770
389165748
824615380
835324209
928583870
165520949
704762331
774945723
402561985
834723664
872913005
810850700
80300246
880347134
475645982
576760991
788342707
3665331
726590914
659852684
351235689
908826929
269899238
363686739
198072415
139065062
184831604
142239902
84044837
880920662
360643054
895312460
913435422
712538797
476793905
614517686
718677105
870899092
898704980
756536784
276430418
383780905
436715009
189467931
90694181
787329118
798956936
96140497
645557350
153565230
462411403
714131838
35716246
691802491
562044231
463755041
312628357
877259995
116718040
867035847
390145942
792993579
889058651
535429266
10544254
158977655
478711728
309176664
822789751
986722066
237884283
683096832
925832955
97364550
110054116
735606928
234430541
459577657
680135517
675261018
818767550
246906004
893541922
549421602
826187376
841534390
331588298
603206509
463647167
443817671
786548733
777865708
540851856
243328758
885821411
955441909
282648055
458040784
649613798
66026281
40551807
346160875
916002525
18645432
732872103
364214398
732994643
729419238
772656367
589888245
402911569
602094622
104998678
565707550
359308560
846967161
154108437
250788739
743146161
666011715
576653531
912005882
729449140
887204804
860918498
668044782
765977033
20912256
346665218
41049961
217355278
155158985
833312190
953647575
693946916
514804246
146481972
482450531
562235856
494853474
754485994
186041272
9339443
634701536
861497146
819567394
291305370
570921501
491255
220064753
331834431
768933999
646064870
890808842
57152034
261194279
591996079
926871162
149055598
491413051
910139086
683503315
509266230
992069931
862230568
