10
200
46434348
980167558
171794475
596119707
473315572
327469756
58890368
214842667
320971829
552424017
585400809
633961746
420473304
439648531
624292839
846645455
594095686
850902197
748428544
652026875
475011567
570635893
866870652
853846753
386930484
578148816
102621983
724451764
670286793
802529750
814660809
841350762
158109726
765178964
222223213
216633214
414502482
189086877
283956935
962941157
28792366
374752527
176802053
422028764
979903002
520001026
861175072
621290637
242588010
157614395
628189402
978564760
231689749
835117373
137058341
788465552
114546950
13474631
321602606
860882734
607272618
992129540
210651327
99136112
718772779
686631764
176054076
923198408
453866865
573988466
121456159
918794559
978455327
294416672
783097586
807515114
657225458
946673177
797086191
291363166
77212816
103758556
485477806
229319102
532455659
386384153
109298053
395535989
453978098
67807249
805025303
28523192
483822080
162970082
64115832
189487178
712602573
531594333
420697958
875710219
419236794
535500411
100197366
921493048
756448310
294589770
428693796
133855795
155810661
119559595
317317894
808741588
345600160
806742750
353011270
550273138
822763111
529008678
552664078
117080359
125968484
379214341
39765434
427846037
644756158
341022938
275693150
465985309
709460058
419544383
515400051
429596975
700478379
358584956
137299117
859706259
709850240
660795892
393986512
64407573
774698835
981976737
951015335
682498735
51917194
192989914
686676859
958513748
88696569
594987308
566032868
670995136
707838365
71229971
267456885
855858734
769051300
417900030
408850658
687392136
871212787
481303782
623199977
308359260
361473331
641317742
618007767
822738920
596198809
776991609
769254317
62130270
114690013
460034483
620369044
786392551
144262893
716476303
27852973
823604930
741573876
978403123
740990664
254730167
104358387
188045954
252291382
617190366
340294922
990610428
944196303
670796666
60218636
545095234
741822762
348626699
354088147
581522999
489159270
538265390
