10
200
462224849
956378878
805901608
860324214
415280068
430016082
718119967
95744101
710162886
992055670
146071554
710150351
58524973
925219062
627669932
243006717
896605007
853753234
749589806
716441783
369770546
466075946
106865258
647643395
556626651
275497974
620915805
507818131
814870912
770022660
992150407
586512286
688388837
437066850
266734459
99483260
302006855
913359605
825828469
153024818
570886332
358881002
488399866
817430265
87475895
661554748
522815882
16940757
982054401
487397876
461769967
587966213
316115044
748048201
860529246
352249219
29077060
182610390
419078596
292638944
321152549
315719709
849427543
748318384
681373727
577230842
844843965
476603473
440104764
404120977
771186721
366039911
568650959
246317553
734576500
797304631
390009601
2483529
483133901
184005333
243127272
947044534
586294435
974616967
187411351
695394589
115034628
556260133
894335438
75331955
999782646
234794540
82065183
571135837
870978929
868016978
907597786
856224690
647882439
42451002
241741559
204119957
612883283
734332528
880121690
83190433
862152715
839883789
347338737
686673307
405033094
961545851
135631957
487113975
553241376
723725005
382846074
654077461
966076457
128868943
329022358
263592195
586926087
579356186
505473099
374458065
122612739
851491813
760795269
506552926
700782269
877834645
469421639
522233038
167917983
317547826
454970440
96962762
636571266
247082972
54008535
595476442
93774806
225102519
948044049
272484428
938895838
981623738
586292835
794912315
648761884
480147820
821443090
981972299
502427534
957349595
876777253
72239072
695863431
622493510
857208265
486933725
634681227
479507389
530386161
53520896
940927744
437660204
561527919
896931045
317713865
570201294
832934144
25924701
876635128
345619670
329335268
998487701
689420981
540965226
938572214
652772076
615318476
153193211
981342709
952318452
363367608
817033404
380568794
162534706
332224957
739568974
64809621
842735753
601074687
922530310
629180063
127171607
154977121
701719239
