10
200
961094732
945244770
982977978
746793026
696610566
770944781
566080151
283214979
930071549
643130152
233078917
265869979
965595483
524501795
174218570
308836284
167744493
286949138
864166373
585135504
660048084
535198957
922249413
65077650
469625705
763087534
125446323
576400014
611509402
703978240
129193056
906941701
360767897
513689701
823662847
497035647
895487953
759831620
471812415
492637146
159797897
950191591
845334837
353416212
703217098
858017338
191274618
271492505
875366811
147702276
351190563
914818314
689560770
859088454
282850103
919393055
271711534
95552404
815382819
983819816
719567547
619736321
353196491
600100629
592790342
571382173
93662891
504425569
751670311
616484134
610751080
438075697
535817548
469201719
524544052
864285188
672230687
810378263
861267647
640316146
895693550
529311226
533817206
431725914
187798278
155915002
883037062
748754050
270915684
997549367
596884626
454585224
624177209
59386654
423665432
290505257
127805963
816143104
874960892
487481106
16652588
229181340
480498411
729330280
756467580
810929296
930123603
590485506
844890666
845619435
576881618
489687650
14684581
847727916
156935086
810399320
362073358
434709433
402392358
463937984
904868086
284909797
599481729
242348436
319592939
777915974
154086638
930594253
310504673
559913834
313159041
693162132
378109922
246828573
65390639
71765686
634729660
288333051
740713048
791691791
602514961
610397049
47901783
165690943
7343426
276758773
939333758
264265724
10048275
438485506
827614154
715971319
908522453
990692943
611523113
975034617
473893149
97131115
507826415
926587070
421805171
610759407
614213482
72645246
154439842
911484203
206019634
268361774
699427744
30986015
691636107
795776866
705545085
241591431
675993203
340751047
253407700
341439837
813254067
376460994
732314977
526437200
828863225
451062640
307053033
911291530
863373631
238823078
298046257
555717880
690204369
996191592
34109299
100317796
782425797
99711542
777340736
623538476
264444971
829880505
