10
200
112317370
780707405
856658002
300259651
305232413
131261422
36297139
177432998
575905812
472347408
954939128
4809007
873201711
321734205
832411325
777539304
239335016
917670211
185801402
19501344
680854330
31905695
413567434
914921936
383410958
292463410
643740211
63112027
875266339
275791918
409210982
927097976
705291873
39806490
498280862
528086742
855939421
11511594
858568780
268814316
682599239
512004708
479351185
854761157
371428163
288894798
636484449
251553824
629952875
723034675
389968435
816804544
816493413
694715981
460009339
246735143
940961226
192577687
984705487
566572739
738889448
635140529
259690251
112143469
623506762
980509631
833975648
435269946
660619945
899503383
26239516
700696727
14234217
956172139
120687014
403396744
764615982
81828617
591368930
316631352
308940539
183678448
111855813
363639181
765005985
411620088
232934257
972085160
832714410
726719581
409516653
92580188
493876968
5201519
929972362
192210869
761164905
477779414
515919036
990673287
445789459
644589298
68166493
711233188
990452392
159778766
303744002
123082913
884072376
225397974
750442731
412443138
968904383
847405036
717306492
419886172
771037620
652738656
568635646
733228687
751361948
830730544
278369478
989289128
625868656
704254667
853569145
774192355
4660326
26111711
212439523
709358228
186470389
276917314
610822657
324647776
459927410
243628411
447366844
568046683
467849143
9302819
70932619
828352297
693152205
891362408
774842063
224743596
608018568
948085514
357915967
600751572
860808452
113226761
791487166
306766919
317233505
873225566
137680430
901191990
955863756
661491898
320820093
401047546
546914594
939015749
776538798
558540328
962460028
46920048
863438496
593306844
625807039
878973728
993094546
18693864
299568955
720561093
416708075
518811367
126071694
11067368
525074902
378479521
540661679
829630064
87880614
482807189
365770051
586187552
37177391
473005619
729867593
15627880
588907533
907334982
904985007
401862086
40409030
988067922
