10
200
487752165
629655359
95521922
46953557
174824029
545366410
720189762
176748472
438521374
649547997
502879544
839537305
767078169
978694682
670939997
707331570
143836146
746813030
16912425
948935135
500855463
834806062
342562588
952589912
353187542
33069115
98133095
826016038
121310451
100231182
823933248
619514499
248767747
426931933
101688128
726971086
22273513
755368111
683898220
533240083
200393703
34516997
816674697
760983484
769755894
491052029
120096846
962917109
874348434
761650118
749631640
552755017
484391839
792913190
372806659
617051897
413778272
159010075
926796325
667170287
435165287
915008601
685034297
990191259
338288773
33760620
82067394
539865420
771535811
278930911
20676356
147108513
354309830
577709728
141303045
856005745
388335777
781900564
500428716
908911989
743975238
921399234
89864328
351071821
137199684
486387625
696438270
702363848
459252701
910320918
432058565
532617198
220244381
968774745
517918307
581681596
858240654
466102333
829281254
5342989
967041185
587204131
692553867
810332204
87039178
942504074
399492434
182893716
349435917
564025810
846459464
354516645
193395362
966519713
762582927
42466743
742379926
188148288
754711432
95682948
864003097
179149914
301238995
178950930
220162460
791918769
3988320
340520297
969316370
624059786
90785075
664876396
440230566
900990268
354610648
718854894
767804327
116117689
802195399
732924067
420315681
674623970
349168833
265281873
292175519
369354462
316830330
676206396
864951
88626647
152503042
427415118
907951881
994916785
486630309
922917445
550162329
605372256
608453433
734698751
92220935
231005352
686444753
188010160
251263198
360756724
298274704
397711983
978740816
152756129
343560885
268125882
373037433
168424824
54000158
903600364
106888939
778341818
788449086
804780644
925623009
230639367
620320519
812605424
504476868
539048027
467429268
488066511
621523732
718221279
246924759
746239878
321331044
23533850
667345123
315686765
536161627
720814747
241333394
123932651
