10
200
782281486
255569768
752373425
501631240
631072925
926932433
465910921
891768583
236109305
140706820
63162620
356976790
320572163
669404995
348639050
860395958
330156454
965906368
369821834
953253212
251407425
642504083
189132635
604790702
382195577
654335926
122030986
433094437
63823034
805780458
896837101
266965365
861978005
585826075
691075393
523338815
454449151
929624080
608971623
627934635
172533530
34827304
232137037
54775128
114067998
49979262
413460731
113834611
633541852
347712025
705391753
134159700
789199856
962112615
88670356
630447601
968565626
997620360
539731285
561674798
676016885
422462100
801103772
613926343
364171019
371241493
416540183
568873618
132191935
604568048
170904177
332738165
450929153
190522302
312082476
559183752
678369410
571761066
726711284
568604473
724948137
49727102
100736186
708962483
92725122
178947791
459639779
537706119
12237828
43797952
628170536
801666410
318687833
260358845
773624194
662582587
925912329
786201115
362292390
941193856
221437312
634788443
797168319
856339703
755110059
751536096
264891813
948715363
883976139
221709554
121758967
772854781
137460258
279774010
607522794
843608905
790633379
754560640
707152729
908091274
403722712
241635478
586881512
848802518
335330598
969480485
814778171
76464210
950113593
448127107
442909133
731683997
833387943
917477393
130187232
876633949
224634364
12328076
201317280
826140773
8421297
329251030
496781220
456677758
134027404
563909671
119807377
952498804
476287463
837236310
500434692
783751481
98389124
104319239
870266774
724099545
63392095
197342617
510205024
806604578
120698078
466585148
516553827
899554578
153321389
775962909
54326410
385201154
34991346
727617346
24136974
305577599
955166634
56144658
138249714
285287036
444973949
700523474
177847572
792843724
197824552
49747527
383521613
781645993
706923175
574617590
452725409
17578830
605884643
696408191
806958521
528548073
970031875
517827955
777898904
290813779
399567124
640947100
286079315
422754833
