10
200
993666983
920877448
930408056
743464542
538340783
993112329
760008932
232227886
770159072
287387989
323545116
480088299
329350745
860795181
534790125
227690400
181742969
777657439
525239507
86220826
878842258
460438805
535385980
290426331
140778832
289302109
353048729
291898890
854642457
457586507
274644452
934872986
783337151
582592961
612671248
659709588
127561581
61192285
194961311
518416204
801370608
897639621
264776458
943625947
934629631
220059218
888611239
277297659
508118508
143591262
391971518
145787345
292234406
784297238
22414430
742508140
300970443
151722181
81093024
976344143
269130303
40187702
938886879
792523504
642823376
659481629
552872653
408704626
151950474
209871906
846864128
134367976
424190876
439315850
163292227
589189332
701901531
636837417
950137312
211343412
987017108
699550994
345214048
18169875
527319610
550422998
759934764
301240624
211395183
537400685
383181049
538045405
363020273
541678856
328150401
480264847
244449164
865146978
668194275
775098127
197315037
162146122
56156452
615423922
388425400
22956766
485894575
172107001
805409672
929921026
86518090
464272537
660970199
609908266
737630189
330660266
823692901
289901501
856339639
294897124
269001708
537223983
808871980
124365117
155907327
542925092
824807843
801227779
35866700
37230962
309781840
892570561
866702273
352186272
665063699
362857108
339718175
232247010
447596378
984450928
807671648
279513505
461672711
759401145
443533356
750553920
999973987
110447810
548180209
561184542
116672728
370734612
881349574
434767857
623421498
592376707
739660434
265908352
617816321
739246762
44676327
82587840
671402628
526385551
319374073
299527289
289630542
254898213
921836343
101585648
40866354
283503211
490586571
38692422
51813362
139641782
143562533
95226593
392117072
997265234
676553953
925009819
509128376
149276041
161175174
10525077
986625815
413220594
232399690
25373878
33931016
92447998
754829664
722162374
117440299
81205926
896796732
672490552
18592917
40388861
