10
200
679588599
757994456
372178378
477991452
262591130
410033274
803490184
941584594
612776849
824900198
606306150
51322387
162795019
798374831
452366167
722270523
456134605
437925583
391213915
538065772
990445588
222763326
798476153
579161229
907359011
264128481
498221990
635347822
188018224
938204832
7609344
611367495
456134339
533182298
555781759
680717198
232196385
586513160
265285419
661555282
616365748
93312
972126542
594654467
361256973
13033227
919561187
389629788
306138210
494711845
240895597
621614738
62290226
640279279
633150130
702511087
763613718
554099079
604334947
851724421
967852723
27377618
714675525
881469671
226580544
481895796
7611618
378440040
936630349
507569292
208474339
314818642
219955360
317394249
982897456
869335559
753954329
956583303
571696433
176880779
686961524
625391666
778716492
122405485
430202205
300175437
32787396
481779700
237440614
26865584
771375380
81964204
227004007
205189262
60387121
625516543
295629314
950427233
225876714
595960107
815052102
289290154
27635848
69296525
649698504
80840844
539251658
204884332
688434280
670901715
204647187
975521823
439992341
3952905
939035543
20721744
606159808
922011904
991770824
870287841
891670808
751595546
193152187
953718378
224883909
973619540
374909936
235914654
958996622
102633104
857501410
30835164
850269320
250222546
334908687
202209900
957742732
839497675
560310641
727632114
20101866
240150381
497503671
483667398
197593914
531355803
961554187
576690798
712835919
844143196
246755707
913402766
874647767
75363002
231819655
37599890
142923551
317058718
987475990
130887912
643113924
900703961
739071257
702016847
393401608
89206505
306504639
217845830
515877287
428214831
846788330
768163293
653637028
20446497
191827790
515095019
507174581
71385811
917363160
837014772
574254189
33949064
187171772
527798552
270102008
932677801
177227533
681528892
444551136
817069537
976429452
674152795
222602329
777602967
630651344
853332161
259668461
174430675
757043764
278908945
