10
200
359471160
175369713
799241296
928602826
149073731
948104507
611589254
24251175
771099136
646305350
690457523
142253254
142702441
853171187
164211935
405099548
535884050
893086838
78105349
505168811
513154549
605295468
485802027
68218189
787374804
625676577
626763277
404083404
986248602
700406102
369566938
515128309
171314055
593904468
366308769
907368856
132892785
299840610
437781086
968664346
606322859
256540336
910502585
589103641
24268814
891130196
663457962
118634042
517577075
330345992
184848726
20019805
126797282
349510244
848649953
832782470
272420878
692835385
591623454
859569122
412433949
190593650
876195438
288632316
542246351
812542230
893956506
874575891
36563876
586613210
22825515
977872742
715323141
872311449
329521981
289756563
50750671
60874752
645155528
518098273
447330106
395158406
265168424
681266577
132481509
88796919
586906606
656263628
331088487
735726075
418915307
241837373
971833416
834586714
937023111
199403426
762568535
358797089
347574964
513571269
626357249
487068811
636365314
774577015
314089739
708017168
219547912
533718517
405767725
405066658
353848295
910794652
179410892
415519581
771008209
150408207
898226888
302316753
601848478
382406460
130396522
670436512
941944792
591568958
860558415
655697263
20232944
857306435
119509829
498125713
414085206
811760484
785298989
380485401
573574269
418224817
785544848
764620479
636936930
389020356
520348304
446080004
905901854
93317073
298251378
812455026
4705797
345956524
383990278
428573411
436972659
978217373
104686180
463582272
228167246
175683996
426864964
932806374
672248803
631713401
158589190
168376579
309980937
737013960
838100181
857882339
892723503
581914885
135287409
321502755
282538069
157911011
879895283
228223535
629650604
732666181
231918635
18302685
730877330
150761018
51692431
456134970
378420673
213988166
583843750
995561103
720176068
677887617
263599493
271530380
710974977
33190575
722719164
95486041
423058468
631859194
515392710
463324749
552157500
199675687
