10
200
905293370
137616218
902720806
745230147
904980310
243757732
389934104
343742032
683968048
998927999
339163423
104997030
854487582
442004995
232484167
8968141
766679082
536152351
945114461
597909057
166474284
985293631
129647556
268411383
614122997
93846079
669250641
693597045
60500052
207877627
175457384
558643795
67378576
836220725
74155440
609666547
98128110
730215580
470711540
729854885
665093203
858835575
514179210
256014348
963621418
119799716
38722285
287951619
886718479
838252240
72969817
623789418
909580818
211479365
570342859
509478260
425701392
881372202
586559080
858480791
62962973
987848173
933563585
716218007
420149957
779818845
812641
79056512
423225928
25819372
288684297
359288871
696050386
964689969
989575057
890861825
455535546
225568980
845232633
405104217
28666494
841416354
50013923
108591848
66872445
842759731
740137942
278022757
343519588
820345309
481081843
165209314
306960615
423293103
523723110
833295738
478147484
135578197
467866992
135350957
358834285
105870075
218740491
476858959
863685390
706951260
241153838
864219242
270310898
443719114
334210971
417783207
782075689
75591163
140946093
981807793
28391744
80656894
429235757
880751950
145360124
821155375
236119144
663546905
248741047
398758681
508691331
167879099
427882884
699668335
461189538
918959431
785687495
788928016
296620614
680130783
292133501
895260215
813787461
908163380
583158154
706091232
228828103
459175730
313329536
305936065
905700176
775292467
123210807
914603182
354277535
348260609
477952286
712657387
106472465
598329074
59539022
391015771
600725830
562276888
220833091
124969187
560401694
764700279
259561600
231727796
526908405
402603466
643332334
544086930
344565462
522345647
954266211
414392805
94637899
177261689
422807028
714892327
473261898
440148032
359624969
658600384
214700866
605909757
6274897
856385906
904001646
516858965
709964537
545607535
117560871
41530755
452517370
772043674
357593888
681008738
383316021
596822695
631014672
601119554
