10
200
560002367
241053036
528251995
300338226
739478142
966088230
284954597
135892617
640667130
184161735
791184642
122386894
330298207
866615773
450641002
191822573
177621830
139701758
33121063
7990602
281421631
442673176
464004280
519191
683413432
583592741
942234156
616057594
363228863
365230174
393787632
215106704
313566541
940085933
963990219
332844751
982830210
878442788
390048272
274971165
705666645
800190762
587723387
283550585
540370593
909345478
810440845
637363416
984920182
601551508
145600120
13772277
483623470
681003822
156269233
191076547
53943444
513751491
183627444
16783432
265622350
490373587
964141227
246767238
528733646
361001662
714728346
998851411
742973318
759811915
234017819
907961549
891360984
107119095
895072487
178992727
273448851
762741772
900432204
954436181
493971288
193442100
733367850
439052762
691609052
210098903
976453742
130090989
617858541
985668895
8213429
444539166
432267868
736833516
476323679
249611232
659131738
701975736
959970563
490967711
502895248
245857996
598018358
113984089
529839671
355649864
761544042
886997423
467764088
862754937
458316331
816106406
692846693
775130229
225551792
204597472
173239913
787921810
957323184
980183916
447813649
916446965
143728036
316425472
677447463
280321778
22783740
529043911
492711107
473008788
62226862
61037525
277253778
135678944
702924696
385173028
98491961
116867401
451912463
506891275
519980928
165778531
177678086
695490924
559519640
873829019
581813510
698927356
255147517
210157410
857374612
767910529
789912591
294390881
403384460
749516574
135218862
626266278
512677992
773145716
541809882
909859736
275569216
251535903
376413437
48481136
975045857
810612235
432932615
514886252
482704510
329148189
662239865
520586666
881811703
193631755
802923419
770904308
441800148
9334758
215843255
841253735
786540005
960287295
710385460
303682016
671531362
855462073
315794454
140262041
353642866
293113327
711385826
544273552
963746634
676241754
182150783
173693910
426584290
472502655
