10
200
177606990
147218102
818160960
129239327
237515159
406473321
50452546
128473754
495747085
333567494
632314141
787564
747786640
415841251
151035316
850387506
213503063
577655787
131782870
423644586
982219326
912645195
430801993
59232061
433724998
385701472
409350153
480459865
541462021
479460897
929776557
771675147
943635837
254920697
959974322
252632814
81660246
32378901
999378543
988468884
563902805
590875899
231142067
179224225
362708945
435564449
599684479
158135822
396921006
505173021
531511884
663439186
694747033
977266155
83574479
722658087
38366920
829616494
756396490
514036695
995244383
963100903
314496750
637167166
730694832
649396009
457096935
111643801
177852562
719291773
34405970
542481238
529048467
59199215
619421572
930667511
707588712
214778327
737391878
834872694
895449770
186091159
270455358
492129764
315126819
494010983
334706457
679312974
906171075
852274293
57969831
153913520
230945604
753822602
328419652
241050635
275712029
484608065
275007567
579066423
163093152
123023907
863329698
82348111
991095766
393581964
67708062
194592651
891569213
739063195
746066166
338498838
289507088
758005710
543771720
728273253
474511246
268518616
915591954
92932556
604803205
158192978
516228638
144469108
931494583
180317496
211265175
489117770
513112537
550917850
140708263
853715551
590497491
426710823
83033275
884682696
884765970
885411480
259282210
258858594
16286204
153642158
442033840
54256741
676135316
191541121
103565062
618931072
887430831
748129027
762914016
86901642
767918400
833276706
180173416
58248710
637062333
701575697
884902199
193033059
624577133
326622152
886374988
982878375
923852635
48180752
552609691
924745427
352171413
631907002
293669989
893712492
405796963
842716488
134887148
591108546
222491332
265467178
160387830
919761942
926249339
617387741
646132265
282567946
198054940
186368838
331899109
740277368
441270609
912932558
453858404
412168205
879324747
30843319
162936456
88435695
797455540
313717149
326373269
560181913
