10
200
791574469
918061663
298440794
981528623
464886830
715629293
872871369
405034003
638583363
680560333
359049239
149917288
65770970
79366801
604037425
767854609
230051139
174348122
522324063
1187054
156563255
624135962
439248426
692757902
233295227
955351338
658971412
971739579
926229111
806694850
922310469
178754940
634977700
106383102
707380282
507793420
84302461
400655727
197032420
802413603
643159606
817533205
397873879
769172340
904907998
959366714
24730701
312356550
636726804
152974226
591331262
580880277
553709728
276950494
517027172
782225403
501493296
618324108
989834889
208985346
523248460
630459606
367747008
716627870
408538854
518569466
581639540
240373256
699088998
62725378
145589955
132109815
309193148
956618156
314798628
927526458
64653840
489262266
876935634
68295994
563471717
553298989
810278711
962269470
827207936
522827495
236175623
911345827
718456905
525820481
996019347
878990863
787919026
636730832
643392691
342218542
733908380
394605417
475814029
187886582
47550695
137376632
269175488
837156717
930657845
897594925
399652745
556665890
982188638
554425316
306728526
909178734
58672230
239420317
341386332
198301546
905971215
33831756
814632468
82447445
638937105
46914894
707165341
27585522
28265034
411637478
655958909
24798771
110966096
51844232
295709908
92195553
990318224
217912545
46312907
606131756
537687135
899508314
202778997
562562112
183957825
970615656
204320447
416085540
3151349
523831025
489170680
952526095
778627104
538207129
458424850
834502852
452342718
673338089
525676430
487575560
766202677
436796579
385389242
556507045
442557309
665436145
822821648
103768514
739173525
517016890
34021144
903107453
972060192
756753651
166715368
934870517
693763928
975789631
434220227
902925236
778138732
33761126
638842427
104969515
865197182
514807208
2690808
933058506
460329537
517026083
204399975
350562234
839212996
875351940
727619271
370112449
849733763
411130586
693209371
54221550
408960135
661568097
821785787
286094434
