10
200
329314871
544070784
283891873
88807646
194715092
352247302
509530641
269573622
334971949
850664245
997753759
580731379
419447842
851739165
315114674
512898402
919148212
659620252
550804796
998077420
259307064
689042849
961239547
577993591
283547570
301443795
775400580
300049384
568170314
455513737
773916583
370387118
636079522
405717458
998162103
344204723
354848917
210511947
61271297
231710412
322417090
639160891
761209805
672797680
577788268
247338458
855293195
786761371
499283892
261103060
233683180
661221193
867483306
286402219
435169881
444537309
851531506
588321752
289903306
798289273
22581224
470020538
923438952
306580732
53042515
157991609
22704582
748182953
200986844
384091468
149740962
868817894
785278871
633519382
464419208
369449117
841758087
711065941
375049286
4600034
397940515
646601582
55561021
766780181
747793168
681432445
982034092
224143972
116394554
472682149
706683944
563464202
496831623
989664846
171560415
514248397
226431145
265049474
161700596
662816083
991340621
195435432
313853067
535375520
800008835
758231022
604850114
952851135
87212454
611158331
351847583
835167570
795586185
47833533
668895347
242713630
534995219
757806020
681573193
125188825
647939671
884377358
965198182
82308021
513526069
546904650
692545827
221452697
861431673
865577650
668820591
523575692
145926005
880787306
407900629
736000177
979040826
523704870
814410741
130874424
996317911
332725519
436824464
461453309
829480420
962749230
443474503
524642128
805349119
50292051
682271238
591156020
732034251
822316154
846826464
836817259
944877415
553504346
73694029
265335824
4301022
516611217
69816722
915403646
672342388
482710882
361111120
960425341
630180747
520700331
80471919
281136432
16554642
146384051
416823581
404116589
859667052
318085940
594470860
311521115
166219553
71866868
263749102
968243996
547361957
949614791
642989198
35236420
596151029
853275992
734877591
770892253
245997128
24201430
438035155
875750703
254034197
475804246
72300431
869847781
