5
200
517121799
970367809
45494660
296954273
49014237
425771432
113623770
866644975
175654300
16236348
25120279
965262435
41197363
950381383
727179804
168646296
510304528
324102499
310753205
14754034
492156411
257613807
852847963
565532799
543609702
700368694
666249939
692347184
776261255
15243578
258513253
259015630
33885846
376006046
208752353
625607888
598081195
797403663
457676232
794071488
70922265
328426660
311414737
856349715
311266716
496829156
197384735
528695666
495900725
90195912
271865778
383761687
47357213
541949189
443578865
374980676
703904224
925367288
989190311
702856943
132884228
920675238
918663062
480153252
730233421
345397602
66629497
923867092
372532782
786582022
256775505
613659612
263073858
549779424
949389311
690388127
747649700
692989330
869294235
250436831
984813086
976936438
934977627
808287513
840544916
36932398
89273606
559097801
485378664
742123924
10362301
819002413
680541131
80889392
230625199
39260779
74308644
153758709
44594575
307765514
787043766
929440302
844821063
810356271
43723170
302074874
13343753
389301646
48220886
137096254
447122014
529783794
940394903
984054784
935623971
680989828
123401134
901426667
437659557
556515006
540622730
688631041
373736673
386310179
162592726
515780370
861024305
489291613
609007474
775553279
805138923
565216571
817579762
36633602
120696906
659476166
233655050
984750451
337416045
582855899
472069963
171291541
30078188
421748636
445836323
418876585
993642099
970973507
260765927
386653620
253426895
261643477
4292582
881237800
511653436
107199740
184698734
643698555
834228370
109793963
937849952
539650406
925245313
34958925
553993942
59469832
524617379
960007011
953931326
998256129
443399319
694345502
888944960
759113723
413403301
280071926
101070653
252306315
375857280
72243638
459033941
554124682
864978424
340119940
669420118
406946240
973935211
59371979
561033973
706143779
897791227
177198216
460447107
775863596
1156767
44315330
599617327
638293787
751079349
138383235
