5
200
960747618
991339730
16517698
930844005
456687641
941702621
179894943
125196759
34958618
421689170
761554507
264307307
399329665
932381027
79376421
165097672
603442135
8180120
675294208
532989857
181015102
83011844
917586998
470395868
939828350
975193943
404134922
322070343
977445087
86757857
558403126
511462049
189533545
131270325
532440545
420243730
160926296
583542763
423711904
441939514
747619500
336668092
995636998
804828274
680978207
548567172
602102151
486392738
511344473
167747432
902267138
322187800
702101268
364888493
262167149
297237144
112706060
787803856
900541612
280740067
379003213
690522071
336954321
154961245
831636108
3829271
242732373
185653957
925146585
231002968
2882796
578655285
101879507
617539520
125653567
483618176
486990183
979270832
298657707
317083411
676916754
888400969
816953105
584617657
22919706
797990127
250514956
153605631
893345415
455272741
285942542
249496347
261155712
713093264
45278525
43280389
475568487
422606396
789658184
933014463
602654305
525806309
314429314
375868126
813293676
193773805
618716489
984624607
25139987
141233364
902418361
478744851
889238475
968106922
63313860
991243550
61654205
174915210
872071114
77159096
137908728
621063540
212052395
706479171
271125726
169961386
919742626
382951739
287613410
957470330
933840864
559251202
26361635
496272374
932341851
280891337
616100591
110870074
652299967
981800086
221766644
538974959
108897094
29287942
578761340
441017762
358642038
40536317
652324445
897461230
348722000
675380943
873601003
203737795
516408394
990220665
419228843
799259341
287125300
943241122
807896303
699943695
270005317
861619173
973329525
461895198
983164205
195177897
786621422
455946639
35083088
591919447
541129706
929211123
563737038
364544994
967646886
744715753
499467871
970926743
816235279
253908771
130113464
626464219
63566433
473569394
235378943
111762149
592196732
377202803
952089909
882116481
348627105
552373287
276944525
547146045
520988292
42589594
362998264
20745755
