5
200
939725275
462668305
662661090
325587762
868950682
553347756
836351342
204897765
491871540
689279873
662747099
299007487
408870825
143361483
864674623
874285478
369437650
314981381
515211045
980812551
451159089
213084881
3661317
10436015
553173817
178778260
224200920
955177049
673502313
326615530
608599363
104181803
442718297
525441321
186789119
860652383
66741088
297646574
867939007
389119039
353002306
542002079
174619805
746339183
17705381
208016871
11485593
557518485
297948369
710336852
24287896
260745599
283043198
613787123
289549486
649357654
822015007
68389771
627749007
811438194
888872359
624585496
543653711
619223672
830453803
908017368
560450266
256428572
512330339
599047503
692450089
738212263
925760627
141224582
181596754
890432621
408653696
515319241
712204110
51377559
998907766
961157249
166971021
640846472
659146697
359917339
523774800
27614113
532806833
109130637
156825129
371452837
840481585
460563572
248152
698808729
266340876
905311413
753997766
754549278
100907241
493557686
241686737
130599448
936154755
234513644
304007160
722419240
806738702
287029942
974734164
576094146
194257916
470508519
304741263
449387465
482667997
925788665
105974752
532303968
140601149
420731023
772377397
313022612
768769712
620326279
748042529
810819446
75223979
373116230
239739733
907150430
706439842
559492601
257434687
721837821
29863272
769159702
63470778
940319199
955650151
932538812
48184127
657367611
308176673
707170010
264409916
614426465
252665591
312138005
449181939
463478717
563573318
888105185
733309958
122459285
222639881
403744146
43658292
999982590
810860429
1545266
64008533
20736560
538048857
270147217
597745989
660368571
672793085
294147272
862674538
61517123
627970174
76816600
71528251
128389919
128117982
963770760
537112153
582854816
799032638
940042402
7789897
354342493
110269293
334593443
477553731
587995944
457970237
874278010
384375533
428441663
177813743
251992101
478713636
196875472
617901985
429894858
935917721
746637589
