5
200
688696784
970446541
722634678
405384101
257732749
44668442
621559292
464044798
381959507
759290025
541134823
193625702
583835876
585579029
341499497
798070171
13165767
529939263
270653069
16448366
983581559
302206023
491429868
182917681
30908611
931484020
896681382
284223496
621633481
971653102
161412041
535754459
373253141
174012517
484979631
357720671
372332867
115717364
486391448
354933277
320089569
210850218
300828539
599430744
731050680
879926653
67994266
507730098
375896553
653400870
455285190
809120497
528351941
452769385
421961530
50336506
387191551
816936971
722436933
698804069
930167883
978639747
343846600
51650465
825830432
648138370
675817109
130073976
566523337
820428869
709067319
144742091
835237919
98751285
319155660
980559064
978821812
94901007
196437341
146499407
846639111
954192060
451744510
96107619
316533994
247761839
750326130
767471835
405870633
925700004
404430593
119710031
255763447
326209584
361828047
847631836
360526245
794851967
696114755
544239576
709010441
391529886
186492005
879331984
130623298
298653227
745085443
614490789
275309384
285809332
809096064
50692794
274561718
602072959
764126557
257923831
886182718
959002427
568163094
839513735
945882277
364500607
21643592
568353362
768630249
719236893
404247417
924917862
116169944
375217635
614398069
3833655
840911432
12696950
385411182
222734300
339755761
361846756
439664959
721100434
877944576
36696235
525179917
366403192
337317461
482014055
447701741
604141174
634547373
248285007
97733067
243682481
920740237
706945233
844351760
975908389
382893970
664246445
124283002
434123931
580292392
879259270
418771842
249972173
484267751
65156872
784777500
414095823
155056039
334447071
634167203
532694068
906545956
367125651
896678396
69076052
809544424
296241653
279252048
888686938
477326191
607727077
756949362
626518364
584458576
499145763
601354506
551422420
709816873
310918832
230135333
429135998
205980143
856527672
831868236
525340782
530749957
743865706
155799246
25896144
