5
200
313532551
403627574
7372391
979111387
774479529
280059944
461419155
278863328
68499619
962820139
661615672
15707172
5865580
573360524
849586526
12859388
125779368
999427333
949388333
450732386
882452753
671283191
789663308
409627115
537868989
810493748
712259045
425301322
618463270
174303805
639037265
173687855
947241554
636527197
414520315
215938083
212683691
116623318
148218164
190037771
85327814
586257796
615574129
131116628
406017222
547638865
572368053
57172086
495939286
459295303
364314220
589643070
913979861
522310421
651493050
364048930
783595776
692337572
335627642
581267346
713734848
451368541
94278812
176911442
711507766
501952897
835218746
590458280
612648745
934051424
875395063
216085228
804207813
496583563
716442942
97023533
349667372
794190129
450074272
894648437
213357784
798946577
335717452
19980056
441072068
358423066
772489465
494573207
789266835
630895587
852972062
718347577
581036438
68441697
518052494
743128274
502088327
867581206
947570558
812593437
348040393
492321665
571680885
450760606
829136935
155728488
110082841
434457593
674318877
777554806
253790273
300879866
377160308
647320142
222114294
89697822
271695947
865911257
602900218
161079372
284966457
267259372
981942677
216600607
775327040
456262116
141417866
952022043
75412507
843012605
322808611
589090280
5273819
490074678
270271469
183186740
52164044
254350832
316116036
873295823
738632138
949719507
527832147
359702819
186496873
91164052
706876893
839338267
511339464
888763365
399414936
811995086
508244041
114294562
847241184
517351902
73160327
260323944
121381836
444659511
80626769
128986454
425528247
683270434
243567190
125523256
547818885
417150169
713020127
716782434
761915053
307489873
145486224
832509939
569624173
417336121
278779458
299516359
754661729
224161233
416515492
740868237
688200619
55048535
280599400
80389197
487711276
622995946
947286871
280130928
446014792
612734097
355372276
361200196
226429255
580975602
102731308
348300768
227237136
643340414
