5
200
114271963
133759615
917068728
421757989
259062195
324268723
379810406
989660006
786598372
495854712
41515862
711723775
297474510
399901230
810869353
905039352
48567163
977231972
576476020
682895341
489477615
745850546
205714660
555481239
256026042
269474479
638397645
242172100
982514515
808242983
658415633
361439745
87152078
242129708
646362616
766917231
569922704
670662321
80992700
956334286
361241468
822356743
804700549
266901398
446248427
980122207
610019617
411219828
446706819
998379250
626525399
816638193
76012227
701231983
379281182
958537798
396877465
745640642
270112249
191913261
330448326
468680755
819858996
178344639
563426211
282600827
550223633
441783909
303703956
638906149
993912083
371744930
336967626
972738943
232932501
75561647
952541624
701449701
205210432
290273963
202720772
770398262
971987199
176742281
2174102
52019219
255611653
886712189
80065861
374155572
859958966
466586582
327459483
826413245
655400125
678433097
391322940
542656528
446856642
634747905
44893684
12972755
625419170
420715601
108315859
735967614
555570291
147563658
126094957
80294273
736937397
500977831
843266176
497891008
786524478
839487867
325942923
741840957
896362182
70585400
418611137
965420074
839127315
423651124
492732220
539661956
42940397
201528305
403901403
321027921
762640859
306081318
718177914
430509749
494870651
202454623
398544952
357187516
69065110
711205698
76150501
4900735
128842265
229530922
524517400
132106546
252054460
351532532
889040341
646519555
134293684
431405152
98091439
657609192
343648976
1722123
418827594
552315564
280596053
820039432
492419911
545232482
296977087
381926999
712353047
761646981
65607138
681264321
576637835
818774339
259556896
476676544
86978256
421744210
825114054
438445999
98700960
499719934
917282413
160961214
740262891
852316212
852699508
782356634
114048271
104131006
137129559
447834325
442660253
364122377
157625350
955061343
941951610
558168552
608311583
615101982
994154046
668253089
388873877
671751248
