5
200
664198370
381621572
804511091
64104797
61235341
611665381
446215166
389309759
752524089
847708712
13743515
520706535
207017111
394278911
162642825
651703562
851859919
986217012
142417600
152664633
364980945
807521394
664843190
222672997
862110209
857614462
874254655
539823773
714620491
248438718
407184460
771282581
769052237
801742808
57569858
539171407
40809994
422238213
430937786
656982642
43233833
318012589
261709606
460151916
503889034
550283979
69465972
847425090
525740232
487090956
447693474
173058413
806530699
948713166
418083054
115779883
552059291
356900611
510884046
845859710
617257990
24068646
835241018
493395834
383811628
971621802
779143792
470292882
310023152
131417300
260715284
964722018
592692118
964444548
878798539
606780964
825642824
433605935
154489577
275890403
261073780
687875925
97004429
942778158
517859310
673750928
833715896
405704530
687808894
912341691
813422877
406527129
473182840
901427202
747262681
970270689
614456001
746847373
597488145
497513694
132308378
446719880
444423859
988234537
220336208
267158003
707482499
72764537
966112838
263055651
928862664
818411720
760041396
585898040
987263706
508111165
401790331
677100555
991853992
880206066
864914247
562037002
56454573
689488552
16515358
227371379
291733965
843585373
377113830
964281619
398281738
617974719
108584578
683938043
891343359
212588618
774223745
10674118
64525529
417008152
710087198
725538151
289186596
265405484
449312492
485801546
494426202
49077362
431898619
153492597
718154607
504339851
991681214
78267966
529010576
788621166
477999496
334980548
930233999
895004020
689064495
507167821
815461355
872088295
62627302
891223843
472366233
422812013
188457043
50738060
894222738
206136898
577554996
439464408
494508013
623458689
106528145
183660062
779921974
160546089
439572359
858983681
665455430
838339253
141266499
430508662
122713002
535074632
731761659
13572836
69840177
55682949
922779009
481791545
715226264
515007985
472368286
143250989
326544326
995387696
