5
200
343580523
39473163
535332789
640700975
726933979
519612057
754799890
336036221
655129712
701395344
696147488
656630272
113773576
843510291
296316296
423724122
597973114
815226391
460523761
487589780
161151253
843931212
378793809
649237251
776571104
932719137
765669047
377623381
170502994
676768298
331101458
23822530
773473005
91436102
758156189
361588705
359183534
673486712
454304229
141235493
275603340
902396101
628465656
791869407
14557395
444247162
417387690
869435294
773642270
407845887
331688125
444664937
211567173
963081597
755046851
220416267
704196722
188697475
753612040
309127770
395543059
740137287
338364398
234330062
819260907
998212633
502393050
431628404
747149006
763571945
685133577
55439076
386999333
248853085
885285028
643941907
687920469
610776635
802714869
655429599
56586756
203304990
427148551
500908592
71946017
869598843
86779243
116383001
99822177
807471876
123807484
275402301
733562699
359370915
809719290
250109390
820440489
720164495
275045775
826358864
517139886
118505395
104239546
933650929
766067902
437066624
394567767
323522834
852923926
953421619
682497873
873715115
343231920
662085921
281186988
156881637
299716968
20396165
253740124
7109709
31350585
83821411
715604559
884808741
741528968
35977504
757110514
564465908
865172248
648299226
133041179
922502715
560462287
220012139
550868689
1489104
38710791
587266102
347569914
755702796
502613854
796827114
324539644
964248082
355506039
270515544
855302517
233694580
103596479
796965944
681065020
200010802
234909438
565383171
881340012
674634261
345405978
212271719
316183669
355340926
298798076
44398575
49664847
793776384
455394024
505690753
442474112
378997639
572351985
163475321
713837471
879704886
123378553
412471081
560262045
33892890
549777350
909914445
234557207
659472079
616400627
887395991
80845247
371084166
144512559
659540763
294792601
641454044
78346797
197146144
932599156
536567589
515203457
205904503
357528818
925751965
956177775
886219344
452973365
826724662
