5
200
583880197
470863376
625121946
742647788
478748176
385850871
843217087
40767592
342867099
384081139
350633838
66927496
428118158
991711119
332937569
671812934
11448969
35709377
264547324
791672658
266141938
449094829
126574954
815126468
712353506
839403268
545046561
626241823
968774447
753978974
416180947
636773787
399038922
394949047
465146703
839556971
743455461
424815286
553154567
607495575
66906289
503694572
500914758
931112191
365444202
145859229
285819603
937123295
466660245
435965248
829806083
925844442
418039216
689601160
948105134
755660700
745891213
129754057
372437241
471245703
298304138
627736983
77810323
317079022
876784215
409623035
965435540
607904421
968798049
910190938
858096642
543283032
75340234
480160533
707647090
278179261
756943779
501649397
865956429
150931885
319204508
876656439
758001991
843138169
111698350
934974735
976610314
39284620
19580432
366509931
586210732
861767385
471214736
427796380
564211734
591211651
266531571
784406814
320007277
759594985
930712995
414825733
206883333
992829312
250514783
198197622
559735014
784986172
931648857
562808507
164375149
367736905
932965555
104886831
432381351
307884216
844867131
210340227
538487796
826307183
660212732
784620701
622451311
182586771
801286037
915280422
476555770
812210351
876790165
959919854
731379268
2232806
223493725
786639095
832878599
133413636
21959121
298960603
682897761
776436422
391330328
751771430
17374087
12675723
677981783
282076533
838212050
423023769
487309555
387744113
537945997
94797268
352009431
651443960
682076389
387553159
706728187
185069400
53546688
985288678
328258810
274894789
663472703
509866790
171934709
282497337
365007721
759328187
917596770
30470083
751355692
899586044
73288080
139734792
560678948
506323142
176057870
760036749
521475947
517733691
223424609
236776614
986601418
668671816
31653764
129299976
31296144
877922228
312219967
741937028
768242440
790962803
342064706
45202790
990731943
417809563
332055444
319869372
726056355
440136463
