5
200
216317874
368219027
778674045
526725324
194189074
344358241
578284323
552800046
623111197
773699313
131193864
747682505
996690782
861766347
554830295
732161998
86491246
229515954
288917159
507365226
115420951
601608374
422639015
823687951
353955158
712199896
143270354
473631384
214219000
971865413
233351347
423470309
193294550
283408099
560972017
803666281
517029941
83742815
295494050
443521450
918101535
244996315
822439314
841638355
743897794
327516840
403560551
478048927
339285519
861550545
681078455
841937079
356758547
474675116
897316114
380686989
157832219
227674147
900455523
313198202
609163081
651902719
555746690
819982142
189909183
638494284
599253163
273203425
548388451
539579005
151667660
62376932
585120159
417524010
231419506
965495131
43918576
43312196
747252740
602754768
393061711
425936986
894364163
733678515
172446334
370202480
920468941
748029791
545764559
367117809
483050482
633321094
33217533
319529372
515985303
666240905
342933240
119373599
534847533
483436184
246423580
463499211
101565387
911501824
648059478
493355600
406683369
75338484
612285017
870604469
36653979
700258237
494598196
147941211
102913813
268085815
324721680
133691594
800182267
732060710
730496055
964289302
445933102
232445380
646439760
798127042
185478671
327261062
635640468
611243726
73675101
487422358
656109186
239034804
141664981
740609436
872282293
333468531
849360701
205290134
303952105
656217561
851860616
153052598
184452555
645076759
412017440
845936448
530752220
908496776
994930014
716857146
80257016
171910738
35275238
164240142
359410933
496451047
977130216
467912259
730550669
378409077
298276205
621186384
190375942
206995742
731772383
751556476
677867710
690274420
144696558
293497848
924673639
217995852
363680353
143017423
409602219
110688285
647604858
663665840
246248516
961646731
158617030
910905126
813206875
892014868
342665158
857698299
211960015
975730747
129320240
925914229
134723685
830940545
843795369
576752685
972465109
503299011
35978048
725107585
