5
200
377666142
786278470
562079454
275181289
849350772
735948595
468611004
174105155
604876109
68034512
410267454
57261687
614869391
673288239
79874039
776395925
856985703
249204477
480523358
795372799
31588846
88431124
35521625
178567139
711482299
995327660
433942902
134068868
315258875
72022283
419089120
301714431
71375530
828402059
482982147
136549659
935318752
190604577
234721363
517128284
748475869
312017266
374014188
135976180
684808229
951907089
584860039
199337957
480074023
854500456
578357236
538936439
942033563
516138297
137650168
49727844
953905950
246669328
192058569
864270
472435886
278789590
707577823
303667245
370997272
851550260
61816173
564086156
490204287
638977381
372234891
761979101
207616669
294567670
905689427
544258865
285391519
183283934
37395343
582253735
812196233
493339504
244194716
130731520
486149380
383073905
565836628
457108792
74899221
566340290
5701433
87000348
491753048
253016063
36112467
58130343
986668328
200751820
241269710
986744367
608559068
489959252
366476008
515105355
597108036
955188065
799791426
237368919
123352645
472209859
49874326
216424044
757586558
920080622
323430558
843682130
266709134
3550197
43262756
138595557
304041769
564130690
432001923
429934946
442036574
91178909
115406658
343975210
112542020
213605496
780004407
299300325
843620105
705372400
440227546
296601419
419464543
703627356
348017450
563623558
301073444
197588185
732653443
75498961
124187575
979193537
220307611
633142308
41923535
571566612
789652062
730572423
226442615
75151887
667270791
646309183
593996497
175862059
136348887
641429436
230984886
166291189
492100918
292725365
862772012
457331626
76365096
486343500
818178417
218258295
431536544
284870553
900000232
887973379
207463568
561382547
606374979
195072842
330164977
872267588
827597027
61602488
546226317
7787019
649709125
631624888
171914051
412689374
735593798
643566099
666816312
76014854
319867889
963019356
684740994
303417367
902344563
859519905
29913789
221396601
