5
200
192242191
751659006
112841875
61062146
627716861
540680244
70825490
976751232
824510894
854817440
784635822
768324449
101218810
495826601
599665480
994695943
567388863
544489999
366174202
807324023
221841578
133673914
471827505
162413575
388306473
190551664
167907292
346148906
846486536
621865568
995844319
426561162
905544599
896084020
32266038
841309687
204974070
61700659
156533784
491547601
92603345
854066683
10768016
516865518
739789383
346933094
657095534
753882814
875415298
510247546
203955253
893416086
937989364
479887188
288930169
704824334
359701475
711194519
747551876
937731541
947020798
486053098
655115785
36531888
718263253
524977131
697305492
890091825
762368130
704543814
525230806
523217859
114604524
892038148
8573626
83229057
927070207
27412090
591874078
757323615
861917200
73695361
624679497
263099032
582046860
806391466
278967681
133169876
303119764
167744529
188129984
964897479
418768390
69751392
5737789
419268031
21564175
600905987
187887022
918330539
515903203
579972796
840085720
873370497
780204407
746803783
60332488
132170178
549835309
817945613
503921557
741084006
146368433
955486823
801647323
297788853
302731782
579566199
535508950
283717225
522357202
559638430
704506713
215191334
102236441
753196319
326765539
392129184
162820776
793172334
886241404
829813444
734730432
64032345
82530698
232554661
543788316
654563046
365081843
643150826
985758852
412112839
5560003
660796879
565715485
226491135
734965218
651346136
933990321
465531065
269770872
435624080
191967611
296704514
425571520
343296406
772873804
84760926
383258566
853691062
277104899
131852082
500912759
513373613
337474645
870886608
444758474
86422026
515092727
781141924
252015106
18871877
424654731
375707819
848460139
727777585
65320770
856856865
144230750
162392930
887622259
349258836
289880894
423240512
578465235
503932114
850002227
326620411
53020573
505940877
120923847
366649999
601733641
466749796
394288840
200477477
32220540
858516448
235427210
494952925
