5
200
542916838
142353600
154321739
687439492
314832996
886242033
464369122
461549862
833052031
537597454
77774752
528742728
348915149
415385877
168990040
652485505
691333459
935722985
746962018
800068174
692241356
113912945
360472233
762703675
53009002
386424371
310424807
532685937
311626417
567928376
184752771
743362243
399531835
165293919
414041542
878151284
558235687
440990054
608168305
449853348
830841222
44902501
739334622
915359296
126264970
957022418
450510156
297670380
643061743
904782404
105981790
971517763
377189130
282521156
186886988
770148811
206933937
115591199
916603586
610528332
179915109
235015408
843559511
458670053
645584485
781263289
464358190
861354962
641357311
18501878
581064889
377603148
136401701
582823232
71926250
68447703
770073220
285264763
652961450
590444881
811173865
251072888
203673021
54989926
726949977
762756414
288638148
99017450
391828707
607310099
581069320
26268767
77207106
658346709
783340581
155858761
742167025
826578008
742794376
674247344
594799994
724176883
858587132
827847756
630710942
937213422
307689123
713960661
135819497
575325749
16708989
536440265
796128264
707790420
985262132
475631811
699840810
755984529
189767167
624869463
528435795
5356083
584689332
645155802
885722005
495874989
274007995
228237388
555862860
323568530
153738131
305709413
380166340
232605422
909617138
212042930
644317764
499373987
231295514
802661452
529990966
263061721
670316010
931406645
258349037
593533034
983373153
12016615
955984415
825479008
79108364
546637741
158482470
76167631
928447106
603764035
340714131
835650049
939128620
231948070
816154307
681836067
828019643
539199761
657467819
628001310
258265421
60204603
773987556
349576008
625281764
919202236
402727500
435610487
459871462
152195429
48749295
826010666
532193980
225984464
847232623
809672068
877267034
421416585
986076490
914050583
405814614
44246930
936018799
129192820
707976357
634380985
589472141
47523981
314865110
227513940
869765362
681512462
287193154
460024752
