5
200
214967474
587827646
919132883
132126512
337997169
301208930
789499192
500464874
800636656
341836876
245461595
106594455
402814642
210675157
811285882
332876105
108725873
586574947
252005302
879238269
810305068
442757233
834091889
778215148
401247468
11111288
146179153
815894351
413023073
120957071
684781788
13228128
118696727
619316377
158826023
885956787
521477063
843125053
867668703
977559154
677701105
962875398
125763021
636473279
957846601
289264562
421909985
452294378
798389399
986804964
133453843
86417040
402745529
235043440
100840564
582742038
431152525
197643334
14246059
789173544
51458863
212903278
843798824
712991575
228903560
45039658
431325494
630761979
502208592
736311046
131161867
510116208
999276828
844681393
353238801
270176742
946830712
276984738
883162158
925318776
565770048
558454672
178968442
281544164
628715137
795913469
990138517
500614282
264555951
994551019
340727079
627004961
448697661
702010440
72653633
674701148
827650692
2121094
955909634
435822020
539414827
175465950
497114186
849765078
566544170
890291309
494673971
48378218
119908138
21139217
94162664
271615588
173337880
597588892
775114197
166198393
133457774
20253770
369753308
457542830
615965982
835676488
459652977
612388699
254347011
60049157
383373387
645972174
343561515
821617357
893422120
175406718
491435485
256454857
448634291
991322727
84544722
835070643
800691155
310124674
974440522
123823476
189367669
116424938
129150768
503023189
569205963
947094833
606374279
762485920
905741100
749412830
583983590
522972867
668682213
572267174
882844404
965249367
465576453
626080387
514786598
870293102
272628080
457789523
887094297
522249987
704784064
442832337
60508559
82890966
930590040
308370982
286359310
44268781
74899444
33327138
620187583
886153584
910255312
112085537
983963856
384418479
323751327
541601726
979422393
299490129
95844113
279203479
157834815
992183568
104994875
625874061
863665857
48538619
875585151
50001241
287614372
343464452
268528866
928520319
