5
200
153001044
147767922
746552563
264963303
917328904
647822215
651546541
120778900
865245998
30441464
212361247
271948484
586288704
327964235
955694005
462992322
183786035
97863457
44323382
827115518
815873885
335925230
251903710
87645934
142901008
437822586
113609282
738153081
327193662
850652891
843516395
492415122
58697634
912336943
577133497
35405918
482307283
45119938
740243451
391122308
565379925
273751606
728107426
2505757
666826652
820566291
690658762
139566904
842910672
234564305
951036973
204655682
453083175
789092846
419580619
284870828
700158267
440322852
31509791
15370732
141039126
974324090
626197074
300411613
715328955
110601574
337242572
121959863
873307381
875627952
455340957
447989943
663037076
783267577
753321076
941692758
40469329
480829429
562502541
997483856
924921060
98975083
237597041
247069684
44337755
98529721
695254476
720157280
249155209
478749969
565491731
875201162
621636975
664921120
90745213
107561065
598504883
110614383
264933983
607011959
23589645
667969411
908463071
175438760
160597995
598469429
731188419
135895730
712085214
394748319
771166604
391956550
650502524
683633083
170697359
375406936
812450275
908905503
273613280
446958561
733894765
179043781
439196171
621718480
389562062
632587867
563464322
406196346
68342959
805822382
67355034
215729918
393560782
115652847
161092273
959414928
58585961
232045329
525838156
720269150
728709628
516461561
326549362
299479374
672924183
65703985
588531908
859637414
755952707
225587085
555359947
584097495
638369906
867997717
332569949
982507434
220273773
691594068
34786462
838580653
146001998
41921274
290101080
900900030
595796270
266491933
822023407
447163395
193050029
814575134
235223262
372401293
486638935
663471461
152657182
616453006
459945500
278818897
664706881
161750306
456175709
711927645
295703633
833042589
441504050
326708126
17750894
91393880
811779238
820638375
913745720
589044720
724229520
628193779
18137151
408385880
738115808
840168428
229811182
187274529
