5
200
604859362
930111040
834579136
861403232
553044279
676550015
913538545
654948346
735353208
692571926
466377999
262525347
276162704
17598094
866828445
45974962
835109730
61891996
611391756
964646825
774022079
306187681
344137351
412949528
892043209
636609175
740893893
487007629
353889684
755527312
665865767
818921905
817494679
47727182
732733079
198104064
615053206
970124292
939674506
233542068
353183089
404608275
327776535
814923162
27406951
519964937
812117511
664092202
213049008
913974188
103026349
103288452
938823518
225509111
871575241
248065808
169605746
323759497
769782795
424008190
211971558
945842003
971859908
685279961
559071936
676899375
17260368
190453023
616393785
203077103
661606239
66553466
431252810
692303635
264815019
311852815
930032912
906102214
900819611
790766370
498482028
415572125
571800156
441110588
357319267
35639570
621469055
640571709
89988182
701684923
321152780
357427180
693291575
273810578
66092861
778644332
21819633
885048302
55990631
496290718
176634711
407579920
921985083
530426048
255448150
374718564
145217888
317135334
692392555
355842201
426230170
159185647
143138648
721897491
492743943
560831457
896703482
195476912
397125471
213420583
853833716
846673961
807344680
567918393
784887944
743844545
675468951
679548424
531328869
273113607
846304103
914370538
455170571
195928226
473785020
897284297
729993652
420527810
160395031
589417568
308517798
749031026
258048790
846911924
898229394
375439350
992680099
470851323
598666837
426978500
424922984
705175295
547244447
247875634
913789947
495248056
987326845
602022925
288136682
567933522
174505601
851456161
925989408
446938041
212999007
463694829
219069582
697518191
687597304
339948715
399145146
403148726
470970908
878938654
118948559
899541844
921875456
693058289
964834749
591842037
478058554
827204884
842667795
369461574
724616311
807544112
42177883
505513505
284386486
386000354
999448616
62409527
878158573
344570759
35140149
654883121
156828974
602547925
920269253
367410408
