5
200
881230757
594262899
918243058
55731243
414138128
351737042
980639658
293720726
804835960
958217107
392852130
240633109
797785017
809871775
835990651
272878786
963625671
58913654
555929548
400689907
814620101
343701835
224895206
639534007
301075991
305587874
397994048
717907749
474668527
893262996
529048403
132884543
574221645
839450933
185278987
488038154
563051240
951517775
958966861
588730067
278456953
860153060
202982327
635459030
809630726
618972449
158008785
885986813
727115841
514023933
72157480
348054304
577040083
398172093
628009240
468977524
791173921
52118930
568734807
333690617
43495368
805911224
32653242
182175037
79446989
444301916
693005928
309003880
37395559
346352068
592999304
505182873
69780474
772669184
720103372
88630756
477074193
474742123
34962569
621076102
560989649
921491242
854116313
429577739
779328458
132729204
889771572
297251668
385920614
624784010
827137150
451751463
580116145
311018416
236395204
774718784
882224152
513829392
381656039
545214917
290754216
769838612
955483662
555118494
57884698
567951004
535713037
829432906
197139623
322008730
512145625
331607311
606719375
952702480
859202765
86393881
609963330
550032549
81335294
235480265
734030281
144633895
915819240
812875093
290213150
842982470
210780896
94455525
692068089
804753012
250199887
436538012
626185252
647482214
192064980
418985526
458823548
679756183
678318142
621833393
421640283
790753931
12647671
971013285
670523288
715027578
972058189
149688748
780219484
522404462
73621718
629753642
318227563
22026966
212042864
330341574
981417127
663762998
264438938
977088679
664331096
858796461
397613059
390021743
661836827
349888767
719082212
100527591
431397253
993099902
736752417
997580957
171894706
418400447
162340676
363899599
89804317
897979386
472786337
249996255
457399269
919845292
513005369
85890606
807941659
238089268
580498682
110133416
189653105
758082733
828667487
552795929
597805554
73410426
349492245
335355874
315710900
839185335
32365193
730956179
