5
200
393166228
453232147
476704294
79903947
474670793
261980391
418383835
855898346
350255938
431276009
13099566
131111033
733832422
281935525
310214029
926691051
735274626
909406583
203693196
974146186
687678668
873802419
228676670
300857340
160908475
436135866
248115557
95361763
437895993
482784573
909752710
182791183
447669213
850481586
154847654
738947627
474377312
450581953
862750718
666585911
136043498
694442994
717552737
34458147
16571466
925548675
751222472
775137265
683385495
653367325
716053343
112710700
243379133
315786357
216401449
1869784
261160746
938281217
949260221
620397486
684801548
228368255
482614108
896527068
880458490
946887237
688630387
145666892
791784468
43845994
862932169
335956979
294905647
457757551
77299163
287310341
958211206
788392230
835002746
241318964
548747414
969105760
381379866
56750667
676821006
681210095
9834958
169316698
22884446
472867575
359977467
49377510
944377156
411955284
970694270
761468483
477476742
467283410
442412057
220693532
575965093
753823369
472238791
484742682
345883983
227460708
437243510
716485537
968388058
799756820
173803310
253498701
653090897
945202865
380131224
991534116
418897608
389245708
244621872
976793364
623564318
178870498
765979352
175925346
946676309
868768064
35121146
311830831
345701834
296360102
819641791
119026642
737485964
191737556
363146092
15525528
151929843
439931468
234947614
443967063
404590253
220978972
960978051
491110646
925371412
2247309
79855082
430249698
338087854
679476308
255208775
204336224
116061723
64381681
247633978
698057638
1203007
29691414
86437858
166083262
924875521
300082158
136232202
732121230
552163607
981964
169153085
247623129
563387179
293709471
36478078
634061725
70310152
942724596
783844345
558344734
457033668
154692984
126698938
297192035
430702392
232570704
455768081
658057665
383170175
433103208
538728347
89841556
320688074
534821687
471205437
972927132
587655989
938297541
990478186
385740855
800437348
621597605
290789654
924019775
