5
200
609730315
235953625
768106160
222705241
601112533
246552811
500107143
287842256
607406897
207987990
172734479
312245702
604126549
601971980
138810027
841998848
545552103
318024569
211382272
429934165
535524561
717316884
527359716
421068303
838755686
742474310
184243475
533970059
30318799
949956244
72948495
603707769
739952649
557330481
459553577
292538881
514173299
391960045
253172019
878835579
353548712
261305741
434183419
982909035
548848619
645267543
612234305
237856517
219089413
365458939
106302170
409250163
976885502
162867399
693741901
958810407
496203200
626385951
24531851
669961871
391826974
53468090
701671827
45451310
88806822
190398141
521859377
244292400
837882285
458441848
398555980
428045713
27366362
431106825
53985245
393645967
303162436
919542677
615150195
127812048
614611687
234711773
747018281
245578324
640249158
670028093
634292104
709809277
249713110
366238292
668359185
896788545
260693174
911051449
48822158
935139513
676358595
449437497
972643900
255691566
283704292
590664827
698912124
43522867
335333095
335729628
739098703
40149854
408072206
721375780
154312742
528735180
688130369
115326251
537959297
837683708
861808742
676244369
87137091
434143264
145398027
518268539
450247696
215862950
519686312
435064530
196299122
586102567
119229235
482218373
33417226
388863908
73935078
525630012
378198195
830904706
803579113
303903871
518731286
525228323
347924620
323771250
548519976
639879053
760488066
771839378
146732886
446524074
768719928
510541407
337399420
254529072
715631315
261211032
347305957
773237990
434813372
936407266
875788885
215586599
856971782
196785691
603700142
539137537
9991423
188296573
230321967
194388010
710105647
527079900
157555505
655648146
14419289
588161790
252439840
290536490
288282798
214288742
426774829
202960783
443448813
769497336
288622880
518954061
968832667
147190145
791103588
272128473
936494438
28769673
857548125
417729526
353315278
911038211
563026387
625175689
646479014
399900594
298256571
442692949
