5
200
372842594
898248794
415312304
358488139
96364796
95335647
677179632
112290760
333935202
251244524
65307588
272244754
760406225
371781045
135978611
654960836
29413131
545996267
204228397
481131735
947753500
234995611
51325462
129355000
821156265
651115816
775255026
839018100
706380598
197748945
40337331
926200291
861821119
399496709
877829759
38210610
233132676
855442963
577486601
897812613
102922521
101550832
493532392
919229599
270233257
765633374
58288246
855459514
859630125
108546368
486963676
393591996
417725908
483577950
840560884
563037818
478349808
833541383
601958927
918394147
557218699
483564233
459000690
641395725
671950791
430673536
924717448
746794492
225669504
492352563
664107021
614382482
800861047
31760622
785668575
869781600
601280121
519078706
326296914
794500612
123902836
465986611
473461501
337816504
405791313
543496532
714439765
766300924
951729571
398718087
152632608
993198167
942948678
934257470
677438910
288228069
949452393
313595700
608850928
179586502
305797773
898240396
124030553
480985870
768090151
848853752
611693456
127820866
361601442
980021046
999120144
70619269
193725044
89754821
760421436
462767793
625581082
326740939
890434951
264547051
13201655
41158753
370920151
927096580
55596933
724425564
115471214
639720492
12201505
683249226
673349483
881864845
678335714
362997792
267221768
239505260
53352089
725842405
298572340
13646580
523020371
746570795
922694479
36910495
19893443
325718523
138739214
232811715
227640040
585873985
748681904
769952204
157835973
63617756
113312934
951932829
151739955
905808284
465098591
186975956
629351712
875187777
123309093
16958595
394333603
192665205
518700598
413092909
808860604
729720092
906565323
319262583
164520992
64084401
951557091
34405009
167925713
250983606
73010464
551666743
584816643
233910003
766760890
368353345
863777176
213597795
917186185
398052119
112426793
694973015
607772759
611180472
990196716
109997538
922893644
924380476
933544061
826666487
710319285
782694933
