5
200
285022755
597351504
402703689
466110760
92152727
404152563
708917710
639665003
33181006
732339402
40686279
806156264
725042668
891970730
706919693
257510559
298714273
938415748
929395399
480051839
746367069
799128370
929187430
880741593
84752484
805849049
539859296
507075086
266115864
160361571
77667096
498248683
318234896
731320131
5936032
864487183
171485818
978081304
256172823
524539333
843593449
85855794
486108010
69666092
863592139
127088831
967723493
971228731
634323516
357300204
977718341
356321622
358558178
573957467
51975044
140349114
776207089
891445709
833574969
295766914
412617239
61589031
659297448
993190761
626377317
997894305
919041223
297206598
99880444
266739556
258296176
752002513
460118177
425863332
390033239
639494866
850606726
168251155
466934886
603161660
770630184
327361355
980984449
179273558
160670899
463240777
923878659
859851510
222359847
728999906
236993227
222888546
132315470
467575835
922884351
764077950
779712284
988790456
916137665
729148934
793446016
6448333
126026275
184980329
309772438
646869425
323895041
444122995
412798586
120538304
754369342
891258025
878821850
725842189
73925778
290764620
170395069
419731435
965231319
795786797
923773916
663439940
310642377
177062626
716751381
493057890
978920508
229013507
513627772
144290217
661871020
982914407
251509556
167177406
840099720
882670870
379888297
296796990
543824467
470734156
290344960
443198571
166784016
921918575
141315
245516984
890450861
568115261
817385844
984740565
116732356
667908018
737858583
846944905
562128307
976519357
873620389
852539657
726374145
986683111
664241983
156467363
721509495
154173281
923083438
136689501
368570856
903109167
421718731
798237364
549945677
831429878
664882407
501987845
318217417
896004964
356892093
922253221
223617809
79449721
91854874
765223752
894222475
592359270
955970576
783883202
172536356
263991396
27726650
413257970
779551319
805618441
886410570
26674099
430290149
369295528
365506962
217910468
676384176
42510346
