5
200
160054260
688358293
151961826
102684093
442626854
972250165
723763106
218741540
386555659
506653450
755092588
132490291
244634221
557709250
233959656
730067716
945189935
20270860
83851175
984301414
989446289
709753086
176537151
551443734
567193508
702232728
828131350
650647555
161246519
73651367
307498822
259846518
801361950
227418168
781037979
106467527
107670216
445128260
300888951
942269878
277472371
670593162
915142049
69259715
518090253
428384477
992069923
273737252
879688184
794239604
703728330
909739265
48157173
936338355
51534824
40635273
340210788
470193357
713405317
888993767
431833030
263347726
924904733
56052735
88848591
746666997
689735314
920387504
434174300
777311608
303555160
206997934
898168987
462137682
855917545
340777644
612860735
266287655
749133851
626911641
657412686
585198060
432231857
458481167
772778969
517049729
938464153
266146224
73026078
899095361
139172543
338412739
350988512
207183572
887558912
532235197
147256114
363366371
352133928
576913424
136884170
696491156
878079039
704380544
580391767
891137029
110670421
698279363
834899220
765512890
201395800
736176729
518351150
591169223
384520964
413429279
174948266
479550434
151378077
711764185
11171865
671802355
443577620
525751321
735494126
73664932
164969615
244155243
97031677
661831017
157190328
943997264
191021778
168063388
912876341
274640170
106865246
144713551
400749229
228590614
600754164
196364231
406240895
108738305
186189967
408594676
62405340
18364253
673691427
811424178
951237808
124272978
24446340
947885597
943621616
648241402
973981907
797259749
708775209
877433628
883886536
693874623
613914280
891345135
844654189
999398901
93838788
55678155
647962856
753578158
680539739
402880660
946274821
25627699
833058531
488241809
402589362
125498832
618199229
523436423
75171164
206461600
618092925
602022260
42728506
954894781
78419274
49582518
145273145
399071227
499539946
980103276
659052932
882537164
472543297
75147082
340249541
231174632
368363314
397814806
