5
200
127286040
632103905
132734228
252349187
589595208
677274859
329054915
99857500
730238795
507057926
871837112
866748505
347106164
599129206
915963846
519284203
615449159
708586877
906087745
608368472
64956324
531883718
870481521
962386563
19750537
419051841
947586935
194012669
98783091
341058228
161292520
267833050
374339385
10255510
743520917
639738309
133117725
815168483
551978334
667174641
15931779
403270441
491975375
579961858
123787492
494704477
555428331
13753706
726335727
978309132
207015733
78410614
841706090
844261043
325128738
277872855
152322517
143544490
629849619
195981472
849963888
701435043
778276984
28994496
481198039
435368521
681605280
582040638
570385967
237677247
247194276
578346342
268245067
796514811
163556881
652616665
173521898
276377116
359693661
750049460
272799729
292259738
17171658
481515260
771624193
421018512
796566739
736864012
400350583
236308246
411349985
546774684
7402284
498187601
547950404
435852268
884453570
393220653
522013350
446613596
151379188
828474878
519511780
233453370
813375574
326767170
181500749
659562183
647138209
75788058
142612073
865018064
589258550
316025517
809082082
299030258
163959204
919786735
681571113
23635187
456443034
140676354
827594350
860042143
621474842
900989124
687842643
670933885
519456755
415727997
315720935
462962967
474977230
814338055
881037029
626613065
285948125
937075751
596973384
654692435
612884349
426894196
275259834
106981934
559396644
478295051
183399583
983885982
293799111
395680655
79721927
676305050
849007946
700564687
762721727
980341753
354728375
421774843
772992216
624369407
390449442
946214998
178957975
414009713
622280697
950541010
380592101
502921097
431014597
224397653
925334832
970140216
934446636
740842435
749555034
256750305
354237737
335434580
844370380
49113841
887775275
10932229
102184537
932734458
434131569
615584005
314713816
765258291
966726832
180326632
287354414
39739406
818155597
242749360
856870037
725144911
402640714
494067441
106222964
278968203
