5
200
709569547
454698579
121625813
881352255
326996116
552297173
509649503
156512486
938709180
820406485
636692644
524313989
348122604
571652292
744836719
341754720
483408687
510523699
700790588
395432462
496507430
955137204
205019789
698629932
299824268
90586044
733558856
196180270
427135531
440857190
828651340
474213753
78271790
64824450
365409484
222127747
990167018
344229080
993771432
873320437
162200580
612281735
973379398
103296250
752516380
674022580
543393610
93672248
951872257
231694648
497554698
969528676
521657309
331039673
790498838
834760365
521452039
597539921
920537656
979818871
574659740
922951050
639593527
466536171
627257709
445023620
442104030
879200246
998862857
823668051
264541858
797545403
929176961
839925376
384142801
833386427
43866702
661218744
958119509
825897168
4929926
356572401
716691035
116270945
353335077
914932466
16762995
536196618
678594561
730485754
952303703
713892550
126578095
97428211
196100107
874319192
669357323
959527585
354163399
98967224
734907062
801599296
403074158
522111731
873754480
535499827
878869958
487430706
317393173
807572144
129575442
213173417
395519523
612273742
880719229
380748404
226734162
873521094
725306273
572691801
732173353
345166264
612930442
778393730
539962254
596229404
374177803
464036093
815242886
53267524
857340613
89742136
721941367
873249525
44486121
534943334
464855553
890935090
999293751
819070076
77222563
269586377
205149529
942914080
361891391
363678054
333351163
869002805
634417586
434328311
116214787
850962330
439565304
69232731
803404516
701427066
772465820
361418991
854171423
317973036
534605530
924376883
172637209
553565849
436457438
52005422
361573914
659719321
800528714
688086056
830187994
716786667
787176732
204822576
151665582
525089670
741367816
806453767
698690913
75848569
66185622
8724959
838846264
923999552
662349783
465573462
647266518
218615632
695045997
14450347
337766579
499270241
284542970
19176000
863475130
567292930
964084487
590476226
607648212
415728532
