5
200
345729162
249533856
490939308
421957955
72767388
82944427
474262734
599568057
728269720
615111919
281270950
221646644
709390803
10517905
177847196
220427705
293109271
527920782
298954508
349637308
723899850
220492890
365253811
619764835
434213004
157710131
820361058
848823217
768742427
395306269
527847346
851545217
965926551
445274785
770297178
494056872
140102651
735741004
266330466
367141044
309432635
368031123
408607679
747586616
269928819
456801810
47629876
190796274
937580790
268109512
45277588
603685629
163716085
537258121
920176470
301543917
122511096
950326657
805067931
518805351
671701007
294622639
964102986
961103174
193371923
945138410
475525872
610140499
736216461
645446899
458765500
485407679
504737256
438946546
463776800
159872119
468902343
314965656
134953337
437296428
415399243
443832098
744302611
623244356
521067225
494804351
733436814
957953669
330616902
752655079
863065916
269872543
190255056
273830857
529732386
966770690
331181878
67983397
293830713
873786669
614353521
577820743
401644556
86119287
769029836
431949401
856528485
27631083
639806583
33029932
453051943
3339685
792572776
309882787
209084124
233324801
478465107
409693275
88364495
768865709
14596666
140299167
511093871
987424628
33728491
373097920
232409433
215305147
916614902
386007503
815399552
53661655
262315599
291432218
187012560
484130984
210292179
454638796
878172666
517168048
661352472
751016740
880027943
228436101
511008245
603684054
699367740
867913630
161624902
699691348
997189243
346870031
241687740
544641993
858393586
29734773
439560732
560871303
179792847
597557531
860302938
108398611
160289437
308065187
410143492
632825089
742287228
795170570
446748006
239171689
978167237
579790266
796088449
897466923
133994615
734585772
277402497
720295150
109324842
933964058
624201242
804977007
988872253
380881002
271067498
366201529
289349993
500018823
189560621
117336225
130463456
223834509
469260618
839851531
359991007
657463781
107811986
914927784
351146420
46982832
