5
200
818523226
821381774
474438843
977189005
230120705
939762704
678539331
482396225
66764438
72882872
540830711
385243187
937210839
251239812
107760546
221192306
668125122
767102977
723369586
958922842
224937340
800532343
201891546
187723198
534139666
165405982
377370637
756349365
489257801
51509721
8819980
452040434
470209097
613501119
632473707
282054904
718052381
316866671
966276428
595049623
613525881
736838583
557706296
231415042
831620981
631116841
188663082
248595927
89108730
897275700
963185433
137630316
665452841
538015409
537407709
710498871
599682964
824259214
770863325
790147929
98063708
709473127
133680869
600221339
230200117
25504400
875950294
957484790
45760685
256777116
475808539
90702850
707456772
70124231
271787543
568937521
263563470
252256493
682881201
153267112
486125922
667138354
325630399
392783202
107451562
940817729
142415754
352753010
446364224
352131805
606249268
395068301
495874346
277833036
149476649
815103399
28279336
102178245
384369849
642608895
129750559
672836735
319809084
767703299
323431914
502152684
884989008
428111698
322581510
484463882
556745146
63869080
742168513
123444296
691188330
219702094
765515741
658722257
246447240
404186183
758242384
605621362
432573139
476084795
452215664
287684602
217569937
601771581
36935043
115301247
505804631
472154984
70303577
520230049
168701955
440551555
958312700
630739555
283874092
315509411
936669558
587988328
232529986
798809014
847395916
505422125
946826460
632606168
417630007
891428558
368014210
176455265
492224389
32629522
156070594
152360059
944087492
705438187
592602468
863705315
144087790
796502411
802547568
126029974
887669606
683261031
174172808
165370160
520166431
236893980
850401900
313608665
416182819
574766413
157600164
914660465
829186459
689852814
222166428
680050751
223019034
504905733
488141742
279496050
306943541
150189449
530261345
947567503
181839592
935133516
211437065
67723564
23734915
534458465
418326692
798209404
397419615
159662920
278746266
971546859
