5
200
806887251
411627935
16318370
27817718
637561039
514000091
670850033
274934940
688064945
663721671
167826755
803787194
404315825
931361902
564365377
162908037
755882465
760763583
786801584
600815188
832274590
782612825
737149325
909952984
502047765
3860235
49492320
709198200
963095887
271184522
504507722
631166309
69691332
884482149
946118933
672762694
81407760
910813573
452517877
363149274
415693409
758116379
149989668
792702524
941100620
966879544
694895869
778634078
343723406
747792743
935573464
424274130
122084197
138048444
517925733
234617364
340311146
556895695
895126866
649895350
793942245
691391784
771765355
745488632
425927585
310719599
927767095
696207358
428243788
27586254
63160726
80337167
309648961
335862360
812844548
356710265
995967885
34735338
304937955
991107356
889424498
809504553
546403065
755476809
730150141
863436489
774239963
11126626
25340983
446374989
878309952
280371203
750882376
476998697
559981525
6779409
245178785
996485989
642926270
474087301
584590824
322701393
584599366
736797945
732924019
443009494
820698691
314883556
398855187
714002852
660898312
485978991
553767471
734502574
857132847
30591552
590473418
916673772
675701801
959468194
222157738
724838565
808804995
577351680
588637992
15112856
250998301
695625553
814902430
99160120
273858126
827092101
785895427
298238425
287361800
915366113
461943022
63397060
654094396
336643206
397679611
105231580
435301499
589436215
221082206
373047640
65785027
435868912
824838779
266475821
45354639
77599362
278662461
359078696
179971802
717975618
109189469
989384575
146707108
378243928
316613952
847921949
515464121
175980351
581546709
605383420
420605886
397221331
924001954
26593494
867395826
700014258
423328151
896371054
870345996
652669313
870291795
742867636
198145375
502774631
14495421
444665835
756170360
70708915
694327695
797468938
797158098
423106711
647218048
820046135
570669425
774564160
977864199
595909653
364276232
869220734
694093636
790864559
241576112
44118047
