5
200
689044364
958959876
983519004
356470357
847101815
805902545
423338653
319189322
704196373
555548501
620444359
835548665
996348590
151477212
813409863
294412943
252042696
770698506
913690601
76731000
520684313
502422157
17219867
194810612
944708804
600831955
221855968
363818977
676848841
834966295
898389781
36907621
565627359
625945343
423164607
51748924
478073556
805372843
115565712
892164700
788859541
421252936
635869725
733060118
119794154
927575536
579235673
953129694
875660848
186423641
27688701
526772165
713174736
296126639
48851946
53043761
557284048
459881771
539499895
998794301
964970965
604048082
676957119
315784678
658098762
522220070
567813930
97499283
216552850
461657588
320332748
243781248
639441060
264359604
484329234
60558499
107168365
994198803
99392786
801726012
306388682
215729754
445033265
632058826
718059794
313752605
686952420
885156748
497230219
778151331
621986391
403090114
257972148
788664457
440818513
849665115
853053109
707036945
826856871
491194751
303692542
309797593
154808973
202518900
114499585
468293725
137260571
341746866
203346633
758615375
851476382
573488413
543393511
126195170
84827815
276849459
307314668
927546945
704413151
29613796
340948876
166962143
269856889
722794423
689314554
589408345
670028063
152779197
19872030
258367902
11197636
487250226
439384226
740970744
171294878
125869759
270828339
261419373
318753216
875203953
676867449
535939510
988195878
675053382
982797855
290070731
785049355
742096191
188380631
703052822
648676909
197984792
398242805
375105230
885759029
791321441
715927684
67738110
130693708
636533312
166086894
894845774
906448954
526298287
339892543
263294893
793166258
933301938
442302463
197792727
270123863
736886628
678856359
101936720
379133153
75978350
924220170
526449474
96593257
50941131
316873091
28259040
895589363
761386499
968469541
958276259
63784249
538541849
840319128
303819240
486935117
273727140
313044107
356772538
245662319
944022887
162942696
154733144
889619144
756305275
