5
200
886851042
784162362
543892811
783746860
722212715
680429921
517092867
449207681
485269940
892009493
716310319
132749336
245780967
409833195
799470605
441060196
360560238
934660285
651129040
938674366
753612077
556813360
324692363
909635665
67217515
620423300
571105185
989813609
11905865
209467498
273216881
426905216
436734329
3664351
245890081
483757004
248887334
906432067
879429364
618556433
206379354
831592546
820813173
936595320
661858482
225956794
295240522
257724409
258363211
801277404
795061839
607702744
729656951
29941313
473811803
748418435
289880495
887589934
471185242
2124786
677011628
215328435
210317477
903542328
811276299
444184386
702708795
416477756
192236060
771088964
592956936
268768357
420387292
874763972
5817492
461744401
858416391
363924684
525623530
190063795
147163168
265710804
409786861
452153108
640341831
63955851
498797983
319231206
926025008
247250974
110483829
964068093
933420579
680332937
294254291
937516483
352463867
716650936
445343765
725789642
317797892
388570310
791021007
554833878
996409807
143091351
755905781
232938468
244931110
419281624
220072320
635581438
916259903
346587895
843020078
310257902
487990358
193709539
812449563
571696993
406213207
315435649
312147016
452122528
570283065
64229731
548696592
142400755
94338410
378124682
54131369
323454003
652708426
417655486
971814564
463403687
931891671
341104757
729759946
297425366
502450048
220640256
64801451
633670643
310916046
620486892
186297314
942208051
351069635
450813197
21864625
653171598
690601300
421605793
143942201
386297567
25055145
617966865
83625923
13808229
953185436
77632532
921520068
433059847
368092634
80102777
440027424
159514591
833425087
787670559
44910213
872016476
431516760
485268478
191081263
438218599
551402961
251384394
168302104
117330312
88679782
847492066
99030499
548086334
240674394
25336913
469551093
231243815
698377949
394236530
151639454
652318556
26328287
644798555
477941879
224400360
633133200
231462557
189711577
988521874
