5
200
392804101
575780224
71587513
717539580
517858912
4197757
602544581
266257184
161629185
174571946
741600272
324912495
424853821
663183482
301039256
475889702
145898925
555867839
319334265
248709184
738926365
958518879
627880914
849482696
542246653
111093269
378469702
649055255
209219910
649212521
157754268
737153404
129179755
438103434
229945389
809305529
900890980
740346066
267237543
820908213
209126626
719353944
262459482
17394268
58084625
892227566
793261891
396039680
967375111
487246299
553423116
110392658
417935424
738707604
211086482
377006816
88023724
646410618
480899119
345290865
793434805
725513877
898856205
89343294
623116310
338255226
536761106
537612050
972310202
346787713
589978789
806770112
776476472
504521452
651118411
8176141
449455044
940537640
200720389
308602122
90732813
257078322
599573364
703090497
294155612
548745241
393326177
705208727
871277671
137946556
674864091
860351564
19058023
487219083
348136267
658371867
191546081
446614959
323266432
408933035
860370168
782618673
211883351
681045640
598678481
399256917
107672483
425105791
761830799
968864740
224480397
912717775
384403631
111417379
562570300
206618216
900313103
390535629
470486187
455280216
414429060
655045300
710492354
267474435
283372225
564948996
530061344
636419907
488175667
266630794
742612008
276195014
838435031
440791907
266372609
643178438
251916456
987581058
271779658
243814727
296539399
789232663
71995983
435873120
374679146
734596372
320830066
645849248
268450937
960667423
269976763
310917496
402263464
799939120
275033528
382990607
802953852
696627141
632202202
592123731
798153038
611577425
393348712
794680568
996464305
683039110
704362503
725803292
769066846
747799189
138330178
208438131
123783947
678596369
358939340
238748347
246954086
940894215
731443498
964567335
702574231
831551717
622051788
325652915
279366061
706595115
183851025
496602537
345768991
976004084
295341510
946528979
526084952
823440755
693629729
962995331
977092412
989180100
473234640
750922966
