5
200
797813995
652784220
729484531
652373087
975428760
327618667
644467812
445942394
509717065
94394618
922459368
105424525
739760717
191357931
931704908
687934343
463699402
388746685
731641159
420177538
391248494
589947397
851622396
369764911
744355863
360384774
572592287
307484681
672009745
890952077
204367012
559205063
133207213
713485552
32100210
776590925
24399921
794049542
866345943
81936715
978168298
592984846
98418559
165261424
438645318
427326742
390456306
579716858
791242946
449469952
545540706
557133573
565521331
739001511
435608333
997861403
48258696
532094580
30640332
137224786
564146965
159282905
606866338
659868070
420242376
284900687
909185469
877526474
319212690
633555352
869880648
309283769
605081120
232687824
251976751
564500375
990099511
980935060
977448920
857120097
87902238
252834113
369834310
556857920
961015898
512983478
804502133
799608378
614180537
573639232
736282409
676499942
98462672
934005145
370221893
698119787
58120129
777314848
470807882
516549334
933305202
56454348
642443585
707753839
344395475
334066387
239042361
847059377
30466465
581658461
470830999
718729172
112607380
475422625
822270148
478641204
661042050
745518700
869241718
704648917
618978677
984994206
895512983
108387440
182557645
948035271
513686453
359212191
447109393
970470717
286527258
591162989
589182794
939754023
877466282
799659834
872717207
548735978
168052661
984853729
896418135
843695569
882903267
605886482
887104607
94423362
261381985
92598216
199080326
273412232
437887892
275212978
755139571
142416765
959228923
441718502
754873662
633575553
58326815
358375021
967921936
984231779
941907068
473583986
84307214
556985463
283228862
286598543
818568502
268859202
671840456
572544813
986637904
946663899
448404705
347932401
617117966
184556463
20979192
81538022
66339514
887794357
751764464
251197146
178949753
804934469
86774047
121958607
954705855
31029426
521036182
144655987
489088438
508370615
902608166
970770995
707084600
782979067
83217730
320618852
