5
200
802819580
811589531
503949419
898671379
397002243
740555482
254558128
401213728
209084462
567332138
584282314
512500998
921408195
632755
685499351
990490855
419837265
338245263
812012933
734624794
180096249
424571349
804276091
602674684
901920281
724870713
458917918
411535000
648322308
733959438
382987333
655971856
567672643
195431700
354998177
424672143
477067105
123796664
13992722
62939023
272094177
904775202
803326147
506280833
775588086
273205522
127620708
395114450
623268529
211349910
32085840
253700571
807750490
292725835
866775357
159434971
502648387
708669389
996044267
63492959
144390429
712415055
43741860
533768158
687191652
12371011
4016891
836472521
312412570
908483770
77014910
11592521
414466411
626041855
471211304
58785890
981684984
756095503
427473116
404914745
87382942
422261009
931539312
841902796
104078415
328718574
646176917
419983755
720693561
213820726
315391554
129463356
266152172
302856324
632543866
108263976
721609988
572463310
378879017
342023097
776565512
853446066
673918336
684886025
526318503
828941260
402541477
515950468
641151016
608835344
779012841
173351123
904920784
16992987
978489460
864400663
776717956
549763137
887623741
791263019
363759698
52518739
703214393
463058470
212346425
814019249
558420677
802923770
622015114
180831683
100549016
66431984
351409188
44895317
443208612
167047954
166011855
579342840
94103499
133601590
427548445
459720551
991528553
416287958
747815376
922921259
954935365
133325076
929523219
413019914
708965321
135890423
716733416
727201472
492281445
515333058
625722273
184375220
402890720
914926559
824139763
458831318
763668295
728164625
446856166
717095463
921849237
699914811
707637054
133991737
349326425
660786277
525625227
156374030
505577849
598615054
414053583
126981708
522310107
3101285
39417542
199340045
887427944
108750263
686721841
611284190
722674699
221623231
18264664
153367757
911856337
828725254
613042903
143722615
253430605
439873533
85046826
388113097
688729394
710925306
