5
200
784324223
610312803
230568131
360789266
808414261
328198135
594827590
412839257
863878643
793253793
508016943
552423358
452940698
141592928
295974418
737663565
460550571
571993686
878172487
826753018
342226346
33388645
207223191
142446109
364419707
934574873
945754619
323467725
418576050
97226601
56312506
964088796
634341805
279495285
918603832
52475012
833000171
123858093
639242638
587977902
327238992
771598632
166893036
78137929
407656164
962683078
676893610
366833706
800297481
748542963
190527718
963716715
675022462
161254182
420769967
424135250
85961524
452509708
676843035
552098662
108238426
689132069
706586791
359188302
525672902
176339507
775474232
620222460
136139803
400218565
569286564
147352175
123474288
845140932
369629594
700818401
243087379
396307175
955963082
635517
287630535
944338686
917604149
823248348
540157415
634469684
631356578
917883070
111247699
326458715
710942557
169028603
848990869
477823440
595223589
369341137
633971429
989433629
544530153
220004192
407081321
115337523
540317499
923607311
587909692
292502704
958359910
845099436
922336185
210802058
390236374
478644798
751122605
826101654
347291415
859475898
651059013
302007360
167721775
988212017
654849517
967437204
730152354
735914324
757856268
186710494
65165721
118959003
282389405
417738555
676261417
314581875
305016707
214876720
726561795
940538242
992630367
702145127
262805006
635601387
372573545
406003444
41153567
786303292
91668236
49553711
398441656
504282524
434295159
726684663
15739019
983087523
617369342
179936559
95224254
129118890
958044574
660132079
681806033
323877603
942799575
353860563
675582741
623253517
421448590
865889197
889924923
490668191
760302042
830287465
38932507
572231833
315881234
813956118
827885827
258375778
899961681
711085515
909995902
256843456
891685999
533276166
954318460
602337840
138577532
161468411
525022451
959754115
581348802
2260460
704381982
915193052
116797004
477577147
366855748
573487756
798297009
24045323
982085479
376425677
