5
200
907925910
295656711
879487698
917047928
318948361
882552925
60122433
189792024
890095328
83588081
302969260
897595179
253691230
945863001
89660220
935357463
896480107
455731356
975600628
429385517
321392760
655494138
14547209
249858444
598968136
471819700
576214827
415670414
891626411
505460116
24574525
698215758
240938190
785678303
682295021
431835966
903186242
948660202
780765380
657992005
862415359
362339915
747496171
346870276
569022408
418374583
307510498
713488945
836738839
100239818
714169591
804324386
638167938
298472121
331766021
473898561
388574890
476182142
814597753
606208467
815081601
819414182
964893146
847229390
967284052
388826061
883429643
279812898
339696941
602793829
254396850
403891480
777402501
321456006
526935502
495697581
670837967
369116656
39278461
429363907
547326109
303323149
176108900
258883504
908087652
702233136
755255090
258069673
285953519
619225165
614521177
930558959
274890461
750236469
183966263
967953334
112018892
135201521
112386804
464231702
802640829
992186130
52061097
307117464
617072568
363572514
673910685
702057302
414474745
510966838
90019818
973710540
565330463
635101624
843923583
545957978
779759384
678610273
329135885
750120612
357997977
676851798
208959463
956033597
641561585
475738295
1768528
892334504
734992461
767306451
238236364
150547753
282476342
180859165
333434274
93690781
163087982
672781345
612782669
769620716
417823823
942815167
334058242
972857273
491415394
257828625
108278726
656606981
80682024
143715607
891230172
683860695
576006310
558977170
921646789
184595178
764212931
370878028
558186740
564314993
547847589
86797254
610841635
419778488
907931152
430714004
796133319
334038875
267831947
474060071
59688923
584273333
613860895
453555382
500192314
169476820
322685272
763874275
671571604
443092464
127044514
668632277
70522663
541743802
29433364
612528332
445065329
8828217
327950293
2418695
577729064
570886003
88195319
257313672
748423092
313209430
340512165
639268414
985500729
401243173
