5
200
489506554
107323524
251724377
79787334
730188719
149041318
149351254
927266887
730500339
671446661
636925559
929744219
939808211
173133890
743912430
731605706
762262001
774969481
512199072
705755068
640204852
712839453
637410861
509965037
524559103
884165946
713628316
312920938
109821381
212124083
556335205
392174505
400559366
908843474
960367218
33006281
101571590
295986126
176264400
663655928
211975470
818929376
303847762
269538537
429530921
614466914
430845753
427896503
97283034
575910763
241415785
826297327
981868451
803164061
658578830
836834958
281076073
818773581
572007245
826337811
774312268
162967849
637862515
781859213
857907612
589854886
322592557
925714785
736155079
605805773
335573770
653339311
140659298
418366110
19575691
271771384
471569554
267507898
506787699
599737734
874221099
155838348
496904602
564184187
261168908
858151042
531009921
183679039
208321832
632003697
906070235
387038283
380416457
267178605
28825406
507272563
95204076
440610865
130838882
444890524
679749814
350977700
427536082
114579701
675550792
783443110
39631385
375868935
476306488
766091020
242227343
270022228
806794426
884778292
780706829
931667
912553413
786352585
858865761
611287918
926300092
826086132
645699192
372679057
381545971
40967926
363933715
742712615
926345692
407271031
246834789
143502581
736544791
944876557
900890010
454788368
93853671
376755741
535707791
140912341
987765076
635424452
109297877
485201684
248026365
491294530
497616276
75409075
499181200
711762263
455551447
244321686
749010918
874232554
611200031
406806731
539199663
729171147
155119858
879559782
352489907
814685990
135538867
744870557
995527574
145029312
394391047
7995215
536363790
628948635
633597803
907146905
315438293
83884499
432644042
824297025
597355923
861752247
839829630
555659930
864622895
265196906
240960521
846214916
13290151
661767102
342394779
700585951
395977045
642338455
197368469
889706405
732142383
636233480
340143701
822301323
486997824
624169047
628886970
58618105
