5
200
85245919
856284604
30808370
87923176
579564269
953588857
473012890
743979964
764010781
429753625
55803497
173124029
550373110
372707452
515255519
276865096
319775268
745387893
490658717
182472954
504436583
530539902
744074657
470435051
148898766
322982859
380324016
474788492
496425002
527999852
977896359
175275003
649773616
860305882
424518436
275833239
202557842
516740276
213799526
839322358
627388251
768039556
951063664
643141034
766044287
684982521
79186353
291719552
564907730
249877689
551595793
742811771
891976137
980095409
790930362
103568072
663197182
536238971
113489355
560105404
269494192
860298519
6458755
604848893
414612463
255582260
101454510
416202139
624093308
592298249
561645019
857010562
808540746
125603235
92069223
592519936
258745356
13746686
307247021
888540102
317923068
888372459
363298063
102315105
799928793
872571417
135840585
952710115
77729120
628204417
469542267
777417750
57567949
617672125
860423500
25924079
81768855
903275561
214744160
21135999
467845984
400977811
639159431
911354932
315713813
79081230
389661145
902029504
251971240
517228715
78267112
964109849
917239686
270113664
904609477
80696288
894879215
23149772
256915498
648790834
32957645
205079343
985235675
841528031
546637955
504831837
321996464
970851558
796920387
910062591
983894462
660517061
114691310
615099975
383510502
766774616
507969760
656378366
455130687
37074151
870460167
843596636
374172810
272548874
345633383
547446293
790694670
780728003
637588805
633835148
105344198
942865606
658646722
366387329
509229174
689736419
995241273
975239835
848616427
816481140
608646583
119562703
102512257
421255521
424158630
333668782
822408545
489833259
922748191
394103230
637322797
601451001
622054338
881053796
886791907
347398826
721789957
746116071
820034272
969312569
238430006
929891761
931322754
694716655
493475014
598690927
967965393
831217556
895427202
903972468
924029169
52735990
739395828
681884911
106526008
916159355
848512527
148390040
300781472
286428853
