10
50
947557153
988484362
994872255
175488822
71872091
87902981
442035002
261299935
788030979
971669088
223320516
768490412
364189326
18032048
938965825
246834739
513496140
620966818
571761141
711474701
709435629
710689310
32204906
873600867
584590073
78747735
388275621
469093243
553470552
590368585
568143606
390304545
730276376
318668008
924436654
274315505
3631091
655561487
102332100
236837116
961432766
186296468
321625820
30792552
618940291
795487635
153667649
672479915
54828748
879539355
