10
50
844208813
839623157
904889271
421473660
134185303
512096134
335359691
766938162
470356510
407875700
448158364
374739352
800944027
378656706
780864579
729738468
581626850
178092075
295706795
925703259
160641430
565557930
222556020
367721272
740016862
857623223
610245182
630572103
1816222
64749496
915006184
708408839
614716029
115538252
395126641
299751234
647926846
202949691
239907495
27157063
930219413
999576704
44796964
653755769
267100781
662218004
5062378
324316628
394353640
489691621
