10
50
511734412
535597459
612360540
249576660
586094253
40630339
215353262
426214622
726875293
125290449
29836881
814534676
182208351
900687931
228219064
67360985
982758222
945642964
200746151
805021649
768298792
289615793
332092668
356684571
950202089
783536864
631410612
643558457
277460989
395388011
488565333
183271970
789863470
608823902
725098022
166260029
728412368
803674046
525948283
704563041
834905467
788222818
528516647
948502241
679538912
265203789
646716455
188322071
201861096
724006256
