10
50
570585929
119059321
642382468
963704027
820250105
513067191
797867910
626793332
443176297
15753934
866055274
508922388
231663423
504258470
364961428
632768620
662526706
389641233
277928622
936332391
582920711
326131553
402147351
434251145
14070370
678196143
543425371
59012672
134178061
787722844
833541929
745028119
621774487
955491434
258210920
40717914
461716668
335487116
747966154
620852693
595321985
792109981
915377882
971818950
153555477
344590516
390925408
588303581
5711540
299180071
