10
50
994481781
384359509
482148799
728153316
875435860
505547050
711000122
269167784
530206029
218884888
596300595
895993172
229865518
563165783
848731978
324032831
165265679
203832063
645101074
984435426
279407676
865390540
884574921
362461048
364183461
594421819
874449544
908998111
91263654
18296927
535135193
83308227
714025816
489338398
648867198
350309306
73203690
997793442
827519277
578768794
827006772
630260122
749837276
68090726
613655533
485213572
346641279
912379228
764781713
873537403
