10
50
15567589
444417464
347228818
568479888
79194695
471634724
817067660
949752674
982740985
402505885
832818782
491877214
336041679
888250380
316300430
687864659
861002256
195227192
280132040
183440576
665125890
93312217
928569510
117871667
229491606
468992887
669289831
160731739
501155862
594633938
766042336
395519369
60587509
485662383
939422058
124623304
754285628
466779028
142847040
188391641
894558302
235530557
877138288
210017743
492069402
429102053
636298479
999556954
201320714
616474067
