10
50
731733769
317667487
357609292
542109208
720390932
780062717
776501709
354194834
253581735
696796717
374502786
284519542
483485470
974600226
676884479
357260909
236010910
16927277
645848137
8461274
539374002
924475852
116683382
318310272
255492287
131583338
702078331
365797956
92027213
710295729
496212112
981466645
698481595
463951320
578269713
997635968
225890901
371215271
278273161
878602583
813414802
849511480
925514152
565841255
714440745
350296991
402580572
755995107
427942982
49438144
