2
50
902939166
57998032
842698288
662012909
973649246
311911391
438058096
852460404
972688880
183113479
41858916
816377671
494946273
518173142
395862100
216472232
565436878
480317453
720957777
729197444
612128544
80898652
117551270
65217031
768753880
860871576
139479961
766771147
623532546
607070900
855828504
620371999
613432860
291634169
909581899
884249869
537863053
619366111
948430025
778961669
311185678
288451988
58307724
282808151
63709134
770130538
861111766
806308056
301852673
62760597
