2
50
304834459
187351510
145273409
282759309
994454274
31455276
502148596
911144523
746405584
625274482
415687240
210013398
263522427
787711983
115903116
654285685
464099059
162751489
609169995
643945909
291481614
193188141
917092611
58600666
985963684
702596542
765372723
416481640
299710530
610401946
274514699
614364708
896203771
873188735
167583108
227499341
576617141
714645229
671192
923957979
686609555
955558599
969868351
461734224
686994958
83237842
573994682
172217381
962641341
720073368
