2
50
725028601
220210048
989225929
242210644
187109473
175571958
82334476
92981756
298104213
228540050
204436915
672906065
68344907
629324085
776942181
577354588
358378132
831829401
521958626
547768250
908311792
986175723
319538761
469356525
727166132
612405689
21326701
670019191
42519920
339573420
593881710
517925775
7392334
524968475
511314161
45395819
873751316
12008410
703439646
167263841
990595195
806380351
85535906
205182291
243367646
421365432
627457272
909717241
927902465
948882005
