2
50
321276348
149271081
712334230
74051650
490246405
679036726
651826765
319238737
922886206
649188930
418921877
588543728
579912678
644192083
662089843
451495411
271033873
240344593
299199487
809952915
936529215
165701654
365668792
330133091
708278164
152985048
980628747
169819814
974129211
787560839
445617372
653558161
381854049
288939013
654429593
359999648
318024353
389731183
939760720
287922893
34927707
623974782
775379054
737047970
980412851
782131601
799431350
190091821
442069241
171357130
