2
50
759047705
857502930
525458563
501975813
93785849
986771758
445481909
34442793
852235686
832888076
376088836
53474539
665913913
330379929
477397049
606036401
289327946
63427700
810853342
526324713
581497183
183644912
665217906
999872007
638743546
778315744
699140606
198334060
119298246
813709408
767124806
742223546
542447280
923886557
389315762
528690643
994278781
864017324
541834557
456070084
917265824
207641717
118946748
72090605
370986575
600528634
818636706
507927123
833195358
177082177
