2
50
185895886
253846787
234301057
653627465
391652040
909633834
922382189
975979461
393181569
716763163
226481663
203194288
432051661
387728327
358354683
699021268
560823508
125380917
783886252
188206493
408762991
154637712
326979389
880646075
598687285
265417870
194376172
358375190
759236996
487575697
555703581
377017832
540953975
19712986
958902450
399729514
206908124
270474257
974296301
274445400
239849809
711079597
160456819
873894841
487748133
842970609
535572559
988925210
428602924
168495328
