2
50
314846278
685174412
495034782
332626206
827109935
274259115
330022413
406113583
503911165
853548157
976476811
258596925
331977143
999500709
361926042
956861374
669541107
810039881
828726074
28693795
966320145
234270924
13984017
119419909
588832099
901767717
155790382
431964108
866818525
910906933
308894659
455617979
441838375
136804861
340139813
435138464
327201901
531548825
21271280
987821912
60585329
412581081
219681400
974172517
551477614
923318696
310466423
28846131
265490620
898937599
