2
50
62792243
736983530
382924478
203489539
333063299
604356222
512439890
765246826
105116769
146660660
301618129
757344554
100257912
953603300
593595889
235869235
875013977
115780502
40747306
200482509
886590373
138359210
147615993
851879979
871430230
900853781
659465136
315435830
277063149
849405366
504465431
446853655
853564240
298988872
38458333
20486816
838941550
687783816
300096976
591771179
928572875
956681333
787876480
889767142
680901566
946913234
530309438
871086490
813888641
668712256
