2
50
862479049
309245386
648046339
102352651
201134629
973396901
137080314
432561490
334842594
226188909
890442120
671894488
834888875
163212039
676478408
873426529
746008822
469731296
14465726
770754750
383222499
965430618
41068529
810622949
828105065
89574877
846915924
449714208
197084148
352684592
884252853
409536646
965368126
717701716
622405990
375215212
124658410
202275937
476897586
489358305
545923373
908352992
644286877
229178719
212573720
811455947
856327081
84909613
954647325
764386483
