2
50
301115821
74046922
744920967
965074671
569541893
937584300
377239896
245883895
940157660
716048030
829228100
3523295
771828776
1767038
256232685
381082452
905408214
401996155
17105629
147940482
91717408
972594391
898619849
183363198
316774809
96723807
792029533
983782851
184732115
795236307
993079638
314046755
199762746
29949669
405922771
292839794
900903385
686005125
231182294
451395552
910978200
890859341
935020735
716795111
152601269
259256195
570919111
723675109
162413230
850066574
