2
50
498909767
187399461
762375927
566373141
851632893
659067519
700640951
728927363
825936733
997229352
881882917
973019658
772287748
810836187
61998045
804848281
129009153
709417699
486253189
401370627
736076274
513255127
513221040
273174760
148997773
193066837
118236069
918457050
366467892
440285388
65921414
318233271
390189753
308659847
876234349
798979024
120164855
919581335
89110034
297569882
220456396
47717582
684276435
211400407
516418971
464274779
157429452
232115839
245335669
501418304
