2
50
842461445
306315930
723459692
841080646
748548549
727855957
237589207
874080207
509183376
852607201
830124433
779103509
486068504
130128434
130240410
843921382
474411026
799104033
114166464
740811184
458675691
690403313
90041709
634324185
678247994
223945102
100841298
669412493
422270612
693351981
651012801
601973966
610035171
124904620
655800414
308238691
583184175
87940335
457186570
6175269
157051255
779169906
210682181
464115470
820831140
841296345
892957549
346499772
77961838
26591383
