2
50
585801528
126530468
714650607
352986281
167532810
439716707
712280684
761917913
830956446
165891249
696130132
390654423
935018709
553155573
440640500
263840568
868185529
750780527
60122700
153915850
435705283
911080038
313667062
114335519
690410963
82603634
432493654
321459756
126991988
762947590
690744753
526645210
670027736
231819480
186592369
720462840
350860323
501976925
596700680
511940485
454125135
32944483
419432182
741814748
536142874
34624836
782246242
364810253
861127948
833645736
