2
200
391367879
503608856
993002973
678545545
55042686
21046112
777640699
489737889
480368774
230289474
740989850
179867982
167048188
219357191
987116416
82418824
283994090
603848083
487703627
251052305
402964050
696708025
690614557
540161706
310532299
517880586
41089766
622246548
906286871
871871205
508581006
781915835
137898676
114081254
880464696
19040482
650513934
717052080
58496064
616316913
925927232
710812246
311265293
13256834
401329054
796120159
697875164
225092738
112177064
686405467
280865710
182827382
389663876
405092556
840655433
59904159
888248078
268964908
709793729
409312922
901048461
72587538
876704317
819853629
571317077
872851125
544881349
971159310
261692641
128096400
390425756
164187898
337444447
693555113
793369542
24426386
152131175
284315029
395534386
278002126
754882984
292391022
774486775
81025390
701960227
631907023
463211562
278126835
327621759
405552937
27774003
541182797
290833839
71898295
434100743
60024918
476130855
436745981
8118262
462808446
114918904
841010418
269841081
235582556
612512592
286421320
626125240
685490897
909976114
165893055
475321611
529957387
200785931
169132842
659957401
905534554
141076605
430084026
949583818
264007154
115693735
459507346
723706318
664252682
91929072
773643661
349858952
50207581
392243466
196150839
151666625
809193101
694288552
81455724
790356915
408437162
604158350
369710488
435686844
913531570
434020177
837289133
199308102
795806633
265237113
111638007
848103140
394646665
77188143
137051338
63383598
906714991
427148053
262193664
78246874
675384005
853970257
613028839
170638065
884106529
546672240
526401318
656395364
905645082
650972359
289116134
613061709
562181115
289695541
904574578
133553102
51030413
394972082
258184229
843071034
261707318
11111702
385842245
46026794
494451133
611034539
833464293
348121669
55901056
532304830
395647669
329138641
270896342
952110003
119536322
548644196
588634005
446767268
701946924
71228920
62331460
37888246
443151181
350826558
350115642
