2
200
856459850
106389487
282666208
934319802
206421395
320577475
296583658
117638571
329795425
86592688
315916363
836091107
772947835
463646993
295967947
372285289
657103421
734528638
342652551
807532085
633993755
81429961
314056300
66476441
781411121
667851115
749332698
976708438
519863385
278077621
410481977
656259730
356604808
488707120
709372381
992413158
20020235
983944579
514187661
679358242
801190421
381865778
745962599
868249460
751371861
618916728
774295394
660149461
73734687
204561543
226564013
113891419
460636914
22257837
62237008
553983478
418090505
560347713
215526557
597804793
877134421
194650508
637645361
522850878
152695595
618660892
65451961
964468549
842305881
849966973
671296154
944351409
572772651
382378645
269752821
65262252
443933782
887750080
574122900
174592477
26948125
453160601
568990273
226408273
521188293
280548186
354758829
991586653
22035455
832297225
808644965
224815359
865991566
339265008
787590236
483896289
200008666
214057846
86504281
449273915
561381493
422986555
662347603
863927087
521167737
581103537
256545758
5936942
274380697
735390002
905987984
652154440
460783774
467501383
82881755
686726375
799350328
218155050
111134633
858432681
342108424
249148477
546137746
346696890
685468817
485429366
478006370
272736527
90067829
34842145
549169440
667566386
612849085
535885742
67431236
165827314
364533271
310843938
59163850
113625059
565634978
370622367
815570568
284847900
901796772
626472815
116736822
28750338
168040081
10537329
663000375
794091258
107238221
390969484
792962511
38202186
102686715
527719860
861361162
176512882
372801248
480851428
4013407
192878051
766790206
191241642
593983414
169452067
616958489
543229998
85165591
542995857
106849864
702916753
583029667
971124616
779029378
640711416
574396287
190761548
696726533
722066561
942946490
464952892
515801913
258054480
64566560
553490817
57951277
785288155
692329540
776727569
588172004
265443067
148571606
105454628
393679359
417256074
301659943
567893099
