2
200
36184231
782115301
136662222
741969866
593075789
924814856
185464316
927833063
536601584
17401987
574034039
228613930
735336413
743755467
432707275
533888952
714699835
656762002
242772636
854414832
803887901
837898776
607040725
927735529
798800592
138266943
456647610
898088685
872863417
894636736
626644981
557012410
769461401
653056297
284460458
74997152
25277436
902250349
214007916
685636761
51634770
518128010
35545448
596095207
922189963
803818203
522691441
488364147
478225035
347560333
276175521
929726834
319694220
205877558
55444873
800198889
543170738
721655796
74371770
708717783
518710129
862569579
529355579
17319288
885521129
768067610
759486959
115837381
797957227
949475689
679655867
415702622
61308541
946249571
920145038
821666709
980707753
41361142
360764546
748515834
813396462
667638158
753298403
428657575
37561456
255609463
437360580
157842185
987890620
704878244
752638134
613772437
637269
809732920
274412112
882763464
63517466
388436728
293054440
279985168
918421071
182135969
501987304
541732389
917158862
656400529
461794832
111888299
762697078
998493699
175477644
472834043
865790644
430966519
52278921
696240099
172712590
921820919
240909285
922383729
690039018
36843304
429863014
433066848
597312888
23772294
39456451
806993834
54291370
250917976
827854574
225061115
823381441
689435280
374658104
862625244
180410513
70877693
753207680
566488676
365753937
414547097
264517594
507680573
887862913
707095657
853573219
904623920
569059785
760722520
782238219
422431188
451218178
834647808
338883938
566584433
102502087
172298292
504634619
294591293
821626735
66606104
574147194
588517258
800242340
703939440
922149198
571098991
955050837
166191543
700008296
252582758
442268342
501825389
305465318
172497021
909963042
570903598
206993643
408924096
810996423
501498328
306288129
971243734
670921922
57417998
969607530
195413646
433688731
467244779
449018055
314988164
939416702
400989472
195508281
35309877
637028115
937802374
357431712
117961861
