2
200
624897816
220769121
448879846
671326292
94819742
164349145
515271791
878593901
899341858
474743983
286754789
974269765
69479657
257272477
862699551
975996300
439914161
23630069
470299190
916536135
382804716
21028571
521090274
832291770
968079648
361216549
510884643
671028431
532492185
427969343
922888858
952103907
50443169
508136516
793353050
768249596
232488145
941135095
133611892
3339915
509487628
212657261
414988087
913299572
353839085
9450257
227551280
264721292
381346293
122015754
366315243
593660754
764497282
265207263
29793559
693419778
325258758
389763553
325327841
861339109
725075307
92908319
742038904
128570045
364734479
868784557
128755905
544696013
606028607
707437968
694489380
757981047
624734051
204752051
933519657
750274274
118167993
847541329
13600482
324986573
13449661
21656787
923817857
222497113
963587419
527158960
284693248
779261161
905872501
690178263
186383562
137214525
82965883
304622430
232915821
432336625
832550675
267800014
325105180
444781959
375357133
930105453
321002966
441623378
18548710
969581469
595856501
961337615
138991018
259104315
475545822
414363025
430877080
535255671
208254638
554840841
860816624
696586608
239670761
861339816
858919076
764333739
920510624
143650301
794041413
150882035
276156903
444735745
347702157
888976940
262390293
503762690
748816534
377490465
242684421
253429029
907554896
789646421
266756667
578613478
432595302
146138872
545143485
544683317
274000152
174441585
487495048
471780883
617899636
611127827
405904559
73614879
1986470
468893179
593943109
349891490
187871440
731834260
808866268
830086860
860770906
515934427
619151806
697200971
155468630
283324355
251420358
235778249
712813700
81818189
264760936
711619039
851798698
787777366
696546395
958803443
609833007
801425211
759660856
99152059
539431698
495281157
402724848
166658402
589119999
930631212
136440358
344866102
99707890
359204244
449382941
928000356
675576759
263625630
714532001
884193441
814969802
138984204
244034041
126990164
