2
200
578794154
272403683
461385805
14606780
360089676
306462009
448598081
332008073
404621000
710572064
531489108
153188441
914864869
361464756
764777924
590326830
32464263
85832849
464010983
363384086
214667214
20398189
480040436
999865453
24540972
599974300
65325138
455411834
198261043
265581416
132656174
309991946
166768190
349701260
736624438
259961485
943621788
508238413
155352746
655949399
332355686
34885905
286940794
926417605
485561558
65260067
559228260
706831794
62376914
762177599
863794505
317447722
935511012
40169156
510271294
811131321
442227866
325663509
586776289
245180997
366792508
952305466
202789161
855805934
239333705
103621354
36124140
47993708
820387340
788886036
331104236
609429057
156190177
282212047
652515509
931563723
216109177
259280292
464749837
919785167
768027497
902712850
87456661
284706334
780069666
725596914
201464291
725177233
3456900
442004631
10500513
748942262
393416869
961557757
944943846
804964818
99226797
255425898
62957757
705373395
61885164
485299964
16825161
91887137
638477041
372805023
229850467
966715762
474616099
705498024
398063996
985445706
486449805
685378199
688890929
280202313
79248012
547004841
976140844
948144919
130516283
520677005
196250600
204952194
497184114
78243179
501084365
118743135
318760439
719344874
384260977
588371449
760442048
529378449
973065753
299402855
246152212
351354567
250128269
24288687
947338495
130151706
805933752
841195962
916694965
638390724
547488857
947920311
496195226
969554228
30853815
254652903
301848405
839247545
446089148
606149909
363169175
539258457
414394263
266287761
447880374
999460993
298241830
649699717
479204081
866365844
389694478
717962226
108692179
509136583
702866621
525282520
248838440
510545487
529661308
95494809
632340948
930031161
895982137
57762076
480722967
273443059
508205275
273740066
83567565
621357793
84609068
954296837
886419607
857777237
465132780
82202565
452232069
403002296
68405505
490767196
504554485
752944582
691886822
782498798
