2
200
258497693
657890733
91797582
637412302
384010578
615405103
762280162
92352133
950946065
950247202
23188617
598102944
876873257
823433492
159494232
281781718
345632740
401111454
227484610
953069791
933609533
780883804
751426867
466161057
366970089
203120358
689594889
510224609
532590286
753451766
507196352
712257303
738082797
763174496
884556763
894833324
136424392
214428232
639591002
368057232
576815880
163680577
893727142
662528413
801886841
934406905
347784451
629859586
546562858
103432181
37667850
473308360
751616183
454166398
348858413
598859192
213754769
662612837
390353994
356927501
211255189
177408047
982565057
793278958
780270308
690440063
449415567
545265516
165732357
237922676
191408732
326095782
397795051
358030579
190215844
849393353
993735630
682893408
372030480
235023358
756953483
650168692
906061420
929731953
310833076
65797159
968088875
384779321
260465738
740920777
796967468
558524484
628720111
811494386
872121599
51655258
125657034
892887672
638230072
45322515
225628265
169296145
960474303
682804358
895082728
773397352
727105221
446486542
654096721
54316130
199715417
716861357
575070279
134507486
788197917
360707165
329647844
927317769
676136684
264002832
584891423
927208327
303696259
361685640
157407873
565600374
633617065
787287074
943674227
844392712
979094350
210031458
577394187
480271673
396704683
32331943
71449384
176316833
826250899
314109200
668470719
139443537
894018072
607362898
970069591
359455814
626433748
350423857
337956644
504904519
737823891
3396964
340244509
319622909
697674869
675623651
690352818
352797149
632051664
669649203
778764518
20968276
304895824
768355821
433101604
196193811
941482895
558605082
759542552
361340375
149947862
713549151
985480912
308047063
184794839
372008828
797290612
250833388
510189997
670917910
485829173
396470237
554263047
760000316
482970366
408270476
759034458
790610697
161538022
702584271
543603324
314494008
570624779
414633965
764314731
946709588
629665198
518612893
657451668
542237974
