2
200
753991197
352925087
63649076
505986038
154330105
275401656
349756393
712795507
838921548
412841201
340441484
60929788
28359670
883383043
79484433
166543344
445164092
185019413
987848115
342404482
139038782
722348683
384422924
246287405
383644777
761308822
760315485
552197598
198449139
635663937
172081609
40199554
775602404
121053418
392757375
19316933
918504347
939343790
895228301
231801725
663993803
972936926
316769841
614791298
136324047
227023619
45559200
347939187
823476998
938837647
933458515
594015833
941464855
924404173
363509577
770719025
749443706
855323929
743402707
541019986
831191713
832803924
24104866
465722428
128924551
324291513
517550748
986711856
958768197
568286082
406438082
497897953
705051348
473142283
581625030
734226234
275681783
743158051
283239840
656588593
839242750
223577508
301067967
222810472
506685256
718902658
816898900
193432392
289078064
842156508
297836329
139404842
602523668
708044337
593862930
563481370
821935430
202174831
199488119
70590137
642560074
369852207
898226628
472236137
814807546
768130825
440366253
247003196
924218733
821737508
765651535
629872211
648642885
198550749
462975029
912148700
899474374
40326816
228201607
685037144
197080190
199465909
642613102
252329022
370436495
334665177
336174638
62150715
670704170
906675599
146499323
647746542
782245017
421581054
282965426
461113788
653856814
386984779
564869894
14644169
537287592
618412437
95795445
69036997
632572173
260772670
880312190
234597306
46949762
360552755
235847975
890424454
995591766
819082287
693966433
390149138
451980264
784150072
823696147
670913201
903655027
78048178
593589848
728553345
650056954
25100252
469706507
238179708
924700790
951972829
245738292
802523264
652393070
634610672
806139116
657319046
737784037
142335684
12305318
836020762
553907841
127604482
66006545
622267910
597622666
890046095
276810181
379344626
475478120
990500686
689210678
370287947
370059138
632416658
906684329
70555259
717708163
771474061
66242650
558731458
