2
200
126739944
79328780
98886035
956642974
314701322
867967136
155481593
7203171
135197312
618024604
800210711
549037782
293425076
293970706
864026596
321329581
840402032
328383484
557993466
696188538
7657842
307645794
997432887
759083687
961960259
183522203
299330527
370314457
522251340
139416259
182652367
730491479
792059186
830946295
125911880
944734664
466095574
424401957
746697219
553793339
731776500
34337374
501782777
715170660
937225631
549465525
593833377
686349293
932532260
561227936
450532228
679172616
159485986
223240549
639379420
621394843
661588150
90596797
618257029
998498904
795104494
811816746
6467022
517277253
110535438
178251275
35096723
152167746
382788894
408627035
912171193
369471053
106469334
891970602
40886573
863212593
895950999
501489487
356666521
646862374
351882947
537088223
714679548
161092711
904819636
751474244
11001749
417657738
467384935
529631511
337938302
460444216
59127094
786645375
276121112
786247891
372827358
530281571
596988053
945561469
324050134
848711610
590470423
89222140
17187205
208031034
217729789
493626502
397827846
354689781
679866470
79475442
958620996
962908166
191660153
965104667
496173428
928713343
235428270
732104169
822925403
18848616
657736434
743898284
397175865
910295471
443565409
956871695
37399675
496103157
126757336
756109988
693489136
389057460
794616810
9482482
738589017
729345304
644711917
423938241
847217943
905805679
588682445
374991900
598361233
737691516
247938007
464894793
973412477
77291897
265695993
890161744
672583424
381564658
967385869
84848907
613992766
904023175
79733104
895242688
684322010
244656874
278015507
279550433
381801716
705644164
137773264
634516258
710822827
658305252
349792945
783154171
306525276
883567709
615235691
485543547
753994884
723854356
253007943
816984160
768007444
720672995
784078890
292914987
649129080
636660281
402172063
457202040
320332978
836832997
863107422
361845986
249817020
957427359
675215053
271168609
219903390
407592819
361592606
966063431
