2
200
166252762
794157354
385746361
997346461
529192736
873164146
298741567
258403252
844019156
248583966
365285214
2361048
218603151
699774233
712494496
729920940
953699972
822227853
757622421
883498014
297236213
94034849
754230756
934762258
640181758
328917198
86481804
453797896
574848801
213626184
838316371
140900610
805869992
168183682
654235566
534391701
20366144
281783399
47522444
179213349
466458739
699073015
686347814
566761653
333312024
59415108
135872988
658328655
375778670
616565597
510142650
971697304
443567981
308933299
850267284
418489494
642230358
486265563
192848088
912283402
193169037
507630631
143423800
143046806
820120516
609861164
879249826
256300351
498972927
280956961
569423384
905876431
155282114
489765768
299542379
328292663
910991698
709671916
464137284
951109440
752818175
169797407
399893402
857541895
79070463
284189038
849110801
796544711
907986525
919475606
684825864
234494959
578006618
323286606
451354813
322753857
326135121
740064763
529216044
57441022
204138838
241853867
497784563
55278326
662666780
280155742
450479688
464024712
907573672
555514745
828648126
774529853
56853297
521133731
49478244
287385524
905441940
195647825
243806917
818805155
762994301
763479944
363577528
649630820
934396878
86462228
663857655
345669023
64511937
89089354
212906488
120230063
105195545
958680679
547804068
669433430
435355467
295020459
423460387
682731553
554524400
187258950
988977456
994429277
862636992
928488565
53632365
149366820
44848226
850596349
562324302
797182361
776705774
539745249
621962016
498171591
174861324
545468375
736586859
104022376
479765427
421504248
905794045
366221565
235325819
290865123
330062837
8780984
898546925
782983739
419396708
900239252
302366847
390477410
680775173
132379694
633494779
757448746
653909550
874499760
157586266
785639740
866300320
643197487
468738206
629994410
852876716
172700830
12340525
276699879
990171385
107840571
52755381
792498657
724279719
407704230
24305609
164891049
397631732
814858392
