2
200
572573383
124694267
574258181
831413418
263608795
912586858
266127152
591650432
83527129
328042182
806596566
669549431
71291374
827356279
767085919
32514164
370694532
438988059
628077596
672014360
199363532
470627512
313052349
491712866
909735397
403622287
244026804
835085675
491213633
124377024
235447067
524989694
89303531
975043400
352332276
122237719
930105779
674807444
173062616
689929555
741455450
417064959
168207862
445936162
223822284
973615917
536934604
62819707
107737142
405268077
332489146
401802751
933128114
698073484
935585709
119021445
981613673
661885071
314921538
1289308
645010193
291022181
601632074
558526040
107637577
204757197
628590924
16828852
400073143
537250292
893094823
326522568
386208803
882302373
376222004
873349310
527114248
969833348
518444226
140846734
318419696
583709330
841598408
683041747
246667400
124615373
709556809
707635221
233490858
888204907
230583247
288850369
456490064
563209733
80817514
269336112
794386526
532021458
743170493
621412927
250352991
389102033
792033687
435030703
998609241
656541779
942202161
40767232
612824372
707731545
831878755
194708684
3480491
664376632
262601558
72142010
915363369
352187382
913966557
112048399
600872825
282271539
180630004
973815480
236079361
5263682
987892910
758849060
72736849
839823537
152287020
781185840
336625789
321355630
241287759
812426750
778104383
951259354
740853741
529190702
926952804
145407059
571165334
958826131
986816706
266830425
343056503
199135508
158845458
647987328
948271910
175634962
765422522
553189871
432271672
417533563
214955234
714565472
957620332
126969606
718796429
915255627
950226289
422175184
214322666
115442892
680112491
606969214
316960657
323941992
900880840
48058481
748657377
160373649
692812285
99216589
849260551
54120059
904382341
113306821
19502603
445881358
885674001
899051450
143954452
487967241
350996878
207536503
28132543
165740717
521623619
579361989
913183629
511063064
448979191
476375126
850611435
238484635
382621781
44801019
