2
200
712443141
258020335
410532533
839212263
766315645
247219430
47256820
590094752
908684592
809482255
129468074
66806216
867688147
268505109
362062574
852621213
266301581
311611668
29511852
305493045
673441036
235080634
185376494
112813212
125764163
75392224
525705962
668941886
451623361
770095950
737692201
847290177
340472767
896700826
586632956
910694285
450250737
107699613
293534796
838547620
890792586
880758057
461164649
661996092
48031514
847048251
327091462
704255181
143105648
365823954
907473529
435143417
135061491
256368488
439423208
309555756
870999940
330583043
285173895
128830274
699256389
284732784
98210412
897801757
60834869
371697521
850737685
530924761
951020113
772530927
10906892
648259587
321106671
384335137
982365713
552244195
658484232
3890879
595436133
653926823
862471493
993375324
284620946
13451089
690481593
884555607
345149712
877973464
795600418
215222696
193624618
692271287
878011674
153049707
75383198
924499180
111432246
476012286
917865987
574202923
997056302
32265823
671032801
252008990
571636626
308595906
909813708
286723389
62511847
9619931
268819157
232066919
731540212
2015201
583148085
283146451
744085926
612593865
293893011
431916038
307920636
909672555
679022124
351778076
818561364
477166725
40145829
251550228
379006277
540804912
686026390
781239234
31237238
170247114
926149811
945123089
937337707
959669397
191253288
99900316
96939353
360023759
695185584
659488299
181504870
350538598
525641260
217821967
301505828
900054319
153400654
970563577
424402036
152809404
774367406
57459129
964143218
840858981
644076193
303408767
356194572
750793284
114474414
831529626
504016513
325686802
497480531
905776867
825735898
360115219
583250731
498929230
242455974
795659067
106608595
30958726
467903434
130043641
359417980
417968148
411719414
805034421
983327167
993711754
689609422
785451480
967029262
67486866
374669589
716383706
901648996
315297089
658669684
777701705
677664235
669386948
177667174
696918815
132542045
445374805
