2
200
849497037
971519682
806182835
381731192
302130542
195110377
107143512
665007562
55921492
336885509
644305241
486761139
616367572
615544952
400776523
396476227
814091644
232111032
339175851
283830590
368965959
292219801
625019749
209911253
458745890
421233117
526930528
88429138
676577686
386410563
516832791
670514376
391680742
685925484
713450750
775659530
265791996
573259595
305437589
389406084
703450020
739830751
664217332
415494689
221363642
702748006
298575161
580564097
47837718
414153438
74829479
165695353
914789115
21624693
746935520
192835860
452766058
527758882
520658062
905371045
679001443
98609163
594173931
554762749
298370850
582430081
136414121
872056236
921523870
224410280
255076525
672340903
756541133
384553428
762751690
76025572
265038162
347879819
423263768
663636430
133528850
187974342
913312335
383113725
358621369
653718491
205826635
637682380
981587501
311345548
593853412
792658961
759208181
302077380
196970454
816740176
780407805
870418662
953531224
800577455
288867874
477671594
396725248
92818333
774420701
489620360
713954960
287107218
52578473
915108213
868816602
265721835
4119026
625934768
429899027
853106245
525134834
457901315
156989368
572054129
907489586
496002547
93170566
172172453
141257948
112442629
163802624
986567832
508969320
951301021
571178794
119741739
75472368
340913717
719478579
517647861
355495039
636932299
720271815
850363503
633119296
167963110
418349821
463284594
109220442
552909570
648082530
924230520
598973706
565985532
972392333
407692226
303730357
898274876
945209796
919130203
225180583
146910069
301141702
89780187
1712208
310130199
560493124
993289266
556905304
822253386
444594574
620993499
288835997
231735395
103975565
983138934
114004651
953235896
972195636
46843114
298428316
676505095
206210153
934606799
60930629
870584297
2652627
830478065
963125017
965181826
930903273
748324797
440001231
875715976
637843099
943297656
297675306
621671694
353816777
104976614
322423558
369204202
31572048
260794881
