2
200
624934148
471032432
628612454
286897098
364855825
853995323
545873380
552152779
773880956
116662339
247931346
364824101
466880338
907532586
164218666
541300785
285428090
719480146
695009884
532684442
136586070
749486512
823285372
582439331
692608960
810170955
313295513
7100173
460870503
573969080
105694138
753880219
864544608
18892551
8918218
650532260
165889934
586198283
53810306
710840174
474581705
324330299
137629617
894028335
279990563
465759280
279417558
892414882
427755724
154107615
671644536
544334819
795593556
474802150
22705637
419188634
455584362
51414502
527486208
553985714
669292761
517728160
645189049
80674530
111308752
84845978
601108844
721834442
539499750
409674996
999255658
836857887
222534436
570802229
583564489
16456321
311576973
927142717
926566233
138899674
179770651
435336297
581239681
936660807
766962447
934734211
530045850
647114406
115194263
307776551
860095049
652609548
711310564
896356649
553116609
373199951
569582954
204885829
575372433
351814616
649707343
1100730
323040316
561669806
296886833
293135979
47821011
813157732
438060916
3844497
304558909
502880916
822774717
38780429
462229148
832716615
319555758
132395718
948095770
754774010
599812199
939351985
954212001
215860033
242076088
270180749
659971559
719472416
272148918
808476425
668392611
380399231
271743085
847519463
903358019
460381260
256579643
168550097
219058782
356787343
201785180
640392124
527311645
359557096
382930422
56070336
837437057
503223104
883800606
307378301
662294056
124229554
919995534
455031573
908239461
957110165
635409588
359249145
876839049
92009826
755450049
342598206
186292290
8576502
748596866
687429574
504506440
567620278
970934641
901777703
80500466
135373033
306389039
575062755
897738842
374585315
615551630
580626523
831867326
520794817
686346469
582039746
119745446
13788389
726086967
231839494
786920281
769175374
226873945
474900240
805188871
714879071
600702016
591600255
624842202
476019610
414376643
506769824
603704545
233150637
