2
200
651988580
51972345
424063459
172196700
263146301
241294017
687501557
883276324
736305621
158588003
216026112
49614350
528205595
458597063
130246053
824849386
321882653
858485152
839825048
886498646
172779042
291353544
161758833
214400033
724667575
692235740
131490385
94954064
43106758
644551891
395141929
39635065
196202494
474235615
454961923
137159851
644382348
364132389
78795077
239262564
618056794
492804545
795164327
235711255
292688651
177004234
737155545
879479422
91120256
972824561
156622191
765722841
613341686
49853348
309558548
652783803
889773027
424492538
662252756
319318139
50886300
972510695
681705828
512650515
321660135
411670816
485918115
289641576
109526242
608277622
487126547
894779808
476728718
330779902
499644372
930311156
281118840
466841814
995714980
256269131
197945607
570323575
728347283
726341784
812033132
426483182
930293711
595265441
826519556
134260022
480964669
495849022
55822032
916878260
463125128
988295405
641884139
965899454
711819717
549137222
215603164
293466550
73562490
569259370
221821662
91310068
170950720
493768826
784113138
353308422
908347051
364604522
671132190
638468071
448871269
429286806
557639870
538461573
907377493
203599155
2396370
191598102
116618897
473056506
317379655
874319474
323446453
911141398
721722320
296361219
940266625
300608942
977821564
745354720
159993311
936656186
724630606
869460035
326092613
564706374
759362593
861203989
258676424
953060590
727346749
431184760
467197542
244251843
952025679
368943998
849652315
921214704
254215904
690230927
394445197
934244205
81017877
215652300
154593380
275997598
401873773
754612788
682845045
108562553
21622004
836427391
928187998
202558377
954324346
786129582
889601452
142510016
975972340
168474067
495840776
795546415
363301082
56133589
601527955
49381384
823483159
54656941
238876885
914382442
30698460
554617574
214241643
767743923
252129218
207614587
48237404
644168893
97118660
61881854
522727652
433941266
345073401
320634199
288338192
51244775
