2
200
410165979
135972589
655813662
121327298
542859292
367101362
682362392
760850231
591477136
517704184
11056472
879359701
517455745
815680302
402595686
351539908
645976281
17561981
566070127
253319722
459966763
513844665
563121535
78374144
693696697
301761658
71382973
886824689
718474945
606569347
950991355
770719740
323240215
232220232
954470933
187515769
873978228
27851461
733339148
242359120
965122231
640560319
265434788
719323972
242462910
92143235
944244921
882661211
320592303
762260098
236142312
431247931
52755170
37355813
447482342
136068635
222925748
924566301
603377809
557583695
784615875
784281013
45010006
573471315
610173347
728332217
63625511
773323842
716138862
481156625
665220344
153288061
793637030
440932044
30540669
997178851
625407725
863277370
850341266
622491516
723793817
463818766
939067883
513755366
850881536
689447184
251986913
704411173
433322008
381001702
148568375
254318469
244681645
294339674
426430664
661644266
902173548
722949530
971556094
37778998
501446434
174444260
195092196
288868912
160604095
856701972
741572635
649971027
118667720
608558632
272422432
586602933
179007008
400677454
426959927
224485842
293268690
335037524
469584348
679016465
901872292
113427411
937079535
391604007
784436944
274224037
696852817
314353060
776693154
415713500
912784729
128437639
777434244
20532855
434923449
35913596
688960004
88391253
644902821
323538231
119429469
357616370
61671840
439792260
477462516
888031293
730517968
134460781
5274020
33222982
248452744
514809536
788170502
66006094
576437078
949959036
648224285
833025786
192836044
226625668
717132330
728616837
891155125
808274994
830600214
764803709
988871688
267315819
200604305
185227398
484476157
12569323
63536923
630496258
157821497
899661904
102979894
716288297
796379101
218488517
396538672
92897375
730930515
672092510
970624747
912089237
89266086
316475617
335557728
380778864
408292792
89957250
807432039
547747469
542739292
426533571
941955461
180460951
680001571
948839052
