2
200
869231306
641473352
135744379
633734130
4167314
663494118
152173923
790063790
605152882
958370819
573648515
821399908
730623558
487698280
945410963
740669317
44602771
616364895
880965860
152976405
667655321
476468290
948079259
578092502
280367974
447981321
794009299
42268959
948147745
626494263
971127027
915176687
385532760
532345616
217229051
653239759
802586470
875332224
741540361
21301141
687604250
48133551
626588635
800900806
678549025
706556051
827573202
751069147
638849371
107459744
873934927
607507459
100964261
719729367
100188735
41901295
176368076
654730511
73546166
307726042
829737807
401306209
274129515
488526250
953463933
967360965
500651734
501220603
572244182
137312832
885221485
867190708
269272519
696351109
681415303
14928742
382724594
828568243
387268895
796277344
612290526
855176437
575603988
333262622
147632653
685633614
570660265
755896126
684739089
981616754
506311439
79187430
360589094
714432475
482359992
269696349
829661536
992314646
668170164
698439479
791480351
57910924
449391731
934406822
701673461
999121767
677467196
8752555
976998137
302775178
475632200
286585649
522359065
550706437
348988790
702699996
875457409
476485423
197308814
794203605
388481586
828388241
81487333
178474209
753471500
991968199
325547212
816354122
725040499
868936325
345780217
587288473
200403289
352312639
51130536
627521931
101677414
686064166
171426412
448372744
945642188
812521575
487656546
163435052
463028077
211051517
315819632
615100437
291706579
612666281
839020312
983632045
788084260
985923316
21827308
52694960
242603852
895861376
854934219
697133632
281957839
571048243
704497090
869755388
181026728
19080903
579032204
958624942
486541935
845182810
78138784
850906843
900381024
864961917
310305511
551549834
990153528
126696726
818111771
772307902
595941393
36979906
422809904
772661327
3299691
819951345
839533706
13568781
510954680
110553159
885157251
644051077
41969355
707746662
172939193
590654219
468837310
953536625
118782774
722519387
