2
200
114126779
719465516
596623389
371028565
502003657
673501691
623676229
952070389
526899886
656483543
446449428
539402328
277468025
560140693
20134094
356115960
644922871
259655287
197546324
889958348
746307421
435985302
685166547
935910780
465753939
146888525
610464893
117101371
764804616
899805316
776974037
298203987
347561902
84578920
603999453
913775573
690193903
164640241
834077709
120758608
735889257
715116577
580012085
672760175
658778145
780293842
291480503
209089171
772027289
809798339
432764162
707102637
908258730
992032480
767346328
660958985
952328205
842129277
126768052
886056541
832815334
492270156
409178467
64662461
154731592
393216386
281795466
551572700
508989367
903313766
590770102
37674283
92815858
796762632
188856123
756726936
915209958
727252698
319836497
404363308
140142144
305734087
348155952
500699909
502657352
250854416
265552851
580089697
870012478
993431759
83123302
60409132
145768615
559425952
894750763
75380808
502885756
499108118
262729904
747487735
589950362
848156876
856144214
862779123
638910844
382076139
54125147
410524310
67371228
42142428
842174941
779869168
800299426
555280560
994704856
570055557
735387354
629056277
551209640
655194366
259092504
449430258
978378114
373272485
949381920
695259340
686555603
867465956
88252375
303137671
884640228
115803138
809244357
773275710
843926401
966633595
780406688
489168973
785994126
50037904
25079608
106074267
519229024
542758895
453845193
302022079
842732426
237955066
12004126
404121627
827081741
992695665
278985169
290626670
769102899
489436963
941424863
277298199
205184493
640806738
486573881
350664607
452503248
530725050
852352634
510697963
991977895
850965276
230548951
400909632
348385841
970900652
835081191
55025276
529955158
829087343
336428828
407393813
442328245
76174205
365049189
992811825
251157344
49822631
573358782
717170808
762198857
578835843
804400279
622989784
873844401
446724037
863209783
964641532
764965561
451314394
341131763
795597279
265115881
255310599
