2
200
989999310
913659321
496742489
3408712
745696996
907372614
353676538
617316615
658344466
534523412
735075069
354131413
257550759
66207997
264274409
596717342
488352724
847383622
471315736
274950516
322726996
343333840
749795134
445671011
587046124
8518261
573093520
345991896
82746863
469663773
951903341
196440019
609462095
205564412
390613052
286901122
521809938
476422234
725586505
165815443
369288663
767104573
237928632
397998934
517936495
756051676
988741725
387786150
403728314
838007261
161729167
769910562
442552746
215339540
420414483
314241517
93470511
523761647
16778750
866313010
716891607
213444656
956935646
16968756
129428541
662266454
613903139
985283715
765419310
724344803
625965344
429172199
944695112
287170177
467292659
218960764
495286787
60033725
635299897
443975848
729786957
29033104
511745766
806395292
200329588
106757945
775740246
945271017
828120570
18729155
755243900
571285417
516025356
690758089
793757553
25998366
476227905
18642411
210945276
710669844
713800049
712795793
519267067
868270677
34545767
70108736
864170255
525729424
569411829
425043189
558739756
697024416
528068542
872477693
803473079
23522508
123826861
941428797
170750479
403009611
455960812
738735996
253302092
582052336
934690840
349168407
328095894
375165665
776011481
776111310
903854200
709662381
911605958
266780018
855778578
610790245
587410782
761020271
794281418
372671589
825618134
239033537
297142794
466364683
329359408
573631846
884155044
157947807
843689317
246368157
639941566
185352483
728973023
623794708
813966387
930666356
262473885
259061612
451273831
340970680
980349851
577363304
798419400
441425061
840093885
753223001
377619429
459775959
64988001
742415549
507535485
172725104
472922603
382342421
423123763
962178557
360411412
492805591
425024009
735894003
560604755
837586793
40580626
182542264
449930473
672689676
112128888
290902906
926106735
252837366
392722786
95990863
154242480
235786353
6050548
99376115
809963844
992899567
409351274
265392712
