2
200
94381795
328179914
506613102
923889954
603099119
55266441
812000910
404377561
959154138
971640256
599013065
941760231
400437193
120698923
562351446
97548613
568231709
211240358
899285290
593634600
399937022
107334592
535958049
926000862
108125486
104612523
601810083
566227043
907865185
723219537
190300645
132097018
369789806
616539318
933876601
907948636
801737781
728891870
320761297
337860907
260242864
954517485
780345217
182749490
939327515
576760974
809464793
458723886
499996624
163853346
813211754
382803371
217657962
749369622
935146426
623911625
750373888
416575877
908054466
472975843
66336889
319651218
150526220
331774938
413858488
961612230
903134485
168415262
514132121
390493229
227495687
469474847
52768041
507649229
191810452
278864533
989759996
958955246
518481196
782755066
192452200
735014102
886226691
507085511
715756774
640416394
792861743
311378492
793404266
82323130
305838281
998443726
225693231
427631152
18342865
235788451
503651791
717038390
180053919
191085085
966659614
993737863
42761991
371422355
286523859
620512913
88011883
45922781
663035122
54519581
921024146
843772421
412778848
181837709
187316117
973897444
917147556
39781889
353574254
546120027
298045040
468270383
536436751
780263965
959357418
527357852
384139960
892340526
427356117
693056137
955451125
985579489
913067127
816584469
618913209
199551569
386843311
578526394
278789012
796878343
355950939
535825906
112381938
480405215
185343283
458531919
111377056
981759684
634575880
255953530
514964076
891897889
2454376
395839802
527555208
690213849
444923937
738187785
192630788
977103482
114449361
2697084
376780073
555806365
636614385
313979301
368629225
977247444
326035713
508226512
989933387
253792924
853571367
952442803
7742231
35018499
98615965
372779962
240699070
48843011
662030375
131835237
661263691
631716523
132856067
322223104
64259287
530837575
598547826
489052812
970822921
852177153
842575193
879779242
699759610
503158643
659532964
371338791
53039822
472085330
