2
200
618971332
467852762
851477594
244415747
20057947
551385579
261741544
558339101
803728899
15107601
362169200
535908662
712955492
183362830
70368299
959952172
998858121
302364579
471298553
615950084
513784868
160368140
748719630
184953014
263857197
634442525
629523147
142411517
186716014
789676769
392652009
63768088
841685520
203232035
672485136
704272509
807277579
978062744
392722554
284541714
283216926
213845982
884068915
436117295
704707860
233029400
970823082
318811142
69953461
440616261
152602957
883216040
405119811
574713463
570337093
9337310
575528371
122869026
707069415
664146049
138326940
764173084
473639619
979485756
636668742
825363363
403246300
917208861
532521414
675334084
753863239
212578482
400836522
562785094
976042606
448381582
991041623
680337187
747948341
258625810
808062051
511809889
286454698
558509099
586043401
716695294
950603632
101031
320758161
41373869
133458835
41178126
300106207
392526628
456473941
214121648
696623201
804557982
747049213
571956136
113346758
154069785
881571543
119799471
205728315
88861031
407365074
798942166
439221814
356471209
521513175
249048832
127200214
629170019
445131659
529373285
798686535
652810711
235997602
125748856
103826576
82444600
626615719
254452206
13876162
711423936
613588026
738742567
984374236
541520493
957973884
537257510
730751747
333534224
972939857
80823867
353655221
826559996
170807038
879781222
556775720
903483210
862501852
251992404
554774099
626459149
716799377
187574724
907650314
112058016
684932566
659717321
403676536
970198310
440240282
518475814
302784614
141361723
170879377
468414789
275504329
471436249
353063330
181688568
826313571
749172381
28362282
786084902
892050844
967560531
460075072
533828213
36575864
6589077
575983553
579111247
955914928
836124803
283184423
673126214
357088594
113586712
473472265
963756392
936280931
207963460
125524791
916867768
797597980
80221078
983820199
708511190
292879030
73309794
907575779
966540773
69268199
815352192
187677970
738336713
