2
200
955607395
655119844
255132329
70401793
736752459
378741920
118196672
311491067
602087425
89260338
7904607
166782660
424396584
171863433
263538982
963525717
281656705
881809593
333423274
423023763
597140819
959325919
453277260
771020128
626387270
476248540
613867657
123682476
880350922
152665745
970287950
349188452
486271603
460024339
114789799
290695955
543082894
821174342
952182078
372476647
393828808
976235964
365803939
33634680
493502006
986956015
247842536
301029614
78567799
685367496
392705458
766994309
128462169
403141332
601092654
177865208
679216180
575235584
595725580
586089133
605828382
651288746
68657609
658035689
730165765
98582005
276389581
376812987
173440028
786070333
984727690
277561302
876885554
674076948
238053327
572747312
369396206
36993455
432256972
397648074
148352836
282210694
726649658
75641841
642109112
507874532
786354247
162418715
357669717
908719793
666618765
811673280
547371225
3995044
711130087
473514313
667126233
980631426
866434010
304164545
278611763
437400382
472303465
531820227
323419308
968177391
104964979
501538597
229521603
163401630
297519319
245809497
249336067
857242351
78640180
250073598
349883518
733961165
589584028
268447188
307202893
510750367
603086893
359191424
488207312
429726734
238898653
573527421
52571883
138249289
750076304
376639946
323258824
778383073
893878895
597090510
909692586
418447874
543922245
435589568
607428422
787707978
831117867
877564943
111046429
51028758
291313766
357039943
679128727
941964749
186476846
367561150
763562524
949528346
192610442
761016903
7153096
234914452
812336425
72975682
306799525
758028584
620246378
227835820
444008760
654736782
912790382
587981706
474184442
627392281
309251218
995539387
761266257
47145461
251267435
123159208
876906751
234725257
23939682
283943896
107697253
971698481
759322348
686180967
662165955
513907907
340244715
294638103
847491109
804838655
757782788
365221370
996392600
98836392
545564331
39112859
157836834
494374
893673568
684086285
