2
200
443558656
526046877
481125134
15878137
787299833
19747899
176620090
918644200
800607247
149814804
770854539
803829915
708308781
850239963
647096119
331627381
42328856
828069571
207115337
865176636
258817865
948058418
507556799
233952615
734104841
258355448
688327937
519907588
41287942
424444130
186368671
928796094
310262806
963375350
959164012
442126643
155159709
157028744
320696466
140037428
648228623
421420191
134455550
492376296
987139496
991409698
384914859
691271365
59566676
775702464
144311683
952532726
872447221
204231613
99196801
987922148
590793285
467845934
160686273
290454049
509642138
378205660
516038235
693823655
402598422
808345227
349178053
730582182
971763971
145715695
79057423
690478726
176723379
375573410
712805946
612067442
511436289
915436961
494306581
47833550
893412873
657601065
594038627
275121323
287032372
415431214
9852017
685512079
373892501
198386786
679555489
71582269
928189321
33288006
626837343
929103220
342388514
922072920
132780073
335248718
620784955
539284417
189381710
985619861
289281925
51130347
952430048
555356240
191825407
672491776
763305353
64031385
565697748
484422149
241132598
708610191
575091108
335600088
383237128
516681388
12817015
540709549
958042808
773950987
285495363
289684513
911653977
398948442
170176656
962431293
702162243
721094433
745072708
554411579
781939188
332781999
544489496
767994249
191912857
826829635
801487563
137665695
472513417
181831931
288519143
356406669
511744202
255077235
545068263
682033094
22640351
616830456
960653316
975580388
881101493
63108713
988910418
900916623
829243313
184898614
665497568
382385630
208441967
324602552
574317719
858615338
164404166
529021554
229207666
20727572
662356633
923440135
755358981
962754150
703817753
566633070
870380875
787217537
405591943
495048007
1946837
617180124
49188460
782473820
783064070
102712510
779865905
649737635
452247918
376315318
218901915
408053711
150567297
690509222
191230313
484636388
975368187
776051374
937409084
205758660
