2
200
525973273
954345460
734037148
280033059
866184896
406919908
685674207
714347686
714673065
98840863
837399932
752995100
298919133
905398297
971505896
640111976
956093227
159418504
555655968
388480999
285464442
624595776
328464210
449147760
556096536
501636488
533269468
546467337
727550945
342528070
333875973
389161014
411030265
110843326
887934755
906465618
559665529
252187471
892609020
401065064
919050236
176319440
105750930
929524416
423312276
923980316
678830299
266954630
38035349
291188662
309613397
67794003
596374117
871322508
166549398
231321340
386024144
287034871
529980345
755907735
852237196
4600688
887133726
193486021
853850472
993534927
160633981
718904246
98563665
105810553
542806463
395605964
890802602
751714764
701661869
342869672
146236624
605096984
537818472
316035335
124416194
724759401
715450989
521776861
162281511
718950555
656910561
873323909
139187197
798597778
659001152
933500697
331708436
566578838
847919519
892727368
427476078
272869557
561611408
626445418
971336224
179120682
643449704
900513768
602290234
80082002
80788153
959184994
510166393
192869656
953141821
471932231
975043714
529649197
655595937
880976890
33779047
797297614
197405671
722092680
533881461
315914629
465672239
964345904
660650031
335636393
190490215
274755035
847264307
735203343
145431123
670590656
128960182
440263863
509220722
561089738
465332071
513641432
940297598
956933706
421571634
204561425
146240087
605516418
925611370
137436379
140007440
974765835
632702023
24735845
735898865
812789829
534180926
297575537
880737601
618306914
538483674
411238807
706702501
512655339
660751879
485273332
125052952
234641895
267936587
153493631
974283017
293031698
442678498
311055921
89594921
336790260
93686059
643140646
856387680
473887271
791498689
702995340
390116094
963136298
532200878
231824306
120636279
894194950
365972971
486936847
459548087
50657920
38483862
907283778
963417447
798212694
211003264
896861546
299046977
248727704
2694555
780425902
543578700
936172248
