2
200
243011571
263350948
52457791
474597418
217781871
119777755
669524200
574282860
21140006
690259352
68317357
942938291
824428629
508099682
907715787
783534974
344264911
562256794
790454764
748509340
769563001
678774736
32968738
996099215
119591066
490344572
342315150
982531569
731365384
971371975
935557621
318567972
404238198
40133461
593374845
537079419
300774067
88659493
697426434
107744158
516029720
131665891
262072071
155726687
745658132
733495743
891999381
677635547
781534179
230220361
341508193
466734238
892151802
711680361
468955185
133542154
34694458
570731216
266263180
201842049
635070398
46855672
472938089
360199776
569584464
252776119
100611833
146935469
664773478
921561864
935097670
230077092
939812188
521157442
482097901
546538796
80540022
99367991
787834710
497879822
537490822
25320605
491238225
428390832
95156993
441731281
116172008
783317815
832044880
28533716
632949076
788202951
839842948
781886134
762550521
157337533
155742826
375150484
408110889
796086261
594064218
258463039
846039413
290047464
618435948
181096574
338082877
94097426
368165217
443266608
422630327
240758232
747761197
55305644
754099116
860353837
887400331
942805004
972913021
639199000
408407507
398002130
800167528
37419251
242382507
839892867
482255045
590480805
792969137
461471183
465914998
489687976
928913289
131623424
182135442
598793467
525995050
842212368
137035394
898568360
710522290
938376943
567339053
209184068
969682994
887293235
829990357
981073327
656386547
396501600
828831771
117147432
99298457
302920004
779369562
714102315
36608458
877270102
933886758
665765356
211107216
545959313
621912105
774270157
248963679
535830469
540917269
788343403
274246807
964852600
446549705
271276522
451574388
434792090
94025077
120544735
3340049
262573014
97502898
54729339
315735716
474799038
216034101
1812971
335046977
833110335
771238818
998215193
527871700
159020645
674273485
931021506
684752960
132662290
716450869
282646473
873224962
691620414
339392099
884529689
