2
200
878221112
266255278
647521376
851321642
206407815
992871636
976101746
52762066
812525454
174748516
33597669
545110852
772414628
123139941
943271460
28199661
401869525
439631829
220202876
228070549
807210703
738274285
965706878
450078351
91608326
526898333
656628030
911413948
185061649
353478846
675294009
73563986
928098074
698762794
860850577
140653830
756382253
820668558
58122473
871146179
960816614
429429739
317267473
11768316
663230373
107181829
192253707
975308402
334459343
381692444
498275600
143968319
43766763
368580760
682928646
26159203
528406553
587019578
79686626
265454872
686970273
620493223
584503600
878827525
629312107
946483187
861385190
600684280
48108835
14073372
108197900
19887312
848011301
405452055
657208880
486780542
842208795
435479613
610350065
891710328
742243543
121168189
378286133
219906248
684698331
656042976
467170257
13947632
434960143
5718225
799632232
587472353
686507503
459961315
266891810
72594647
729871954
96700101
384738166
634797717
209008254
424474965
749550203
481694740
44224201
747447034
348547877
127411429
829715098
679145155
736137498
724065494
761974640
199818312
249058505
240514905
649858978
460229078
519740082
533134042
582991754
531615956
546405948
486312379
794569679
60200650
429848619
779196936
223732678
634235785
449133353
167057956
874117809
925736373
390659272
101576461
489168106
144846041
108829410
19983135
5976019
903210311
942574875
104045315
431254781
33149832
459954871
877593956
84429619
622047898
156118260
814484119
176029937
135912590
676222733
436649675
809204951
953577148
67069839
272617273
763054502
162854646
824816001
30640975
804585355
677555244
400265699
776797451
461293854
968454440
447368190
549602322
250358583
112153783
91787286
450645624
241631321
773407143
692345613
615391714
669836713
280769740
725658902
999013895
306095359
452459789
342059449
51169498
894287670
862486095
657170321
238284305
851615854
389884247
205763650
462050555
968583101
137757175
518454920
702805796
