2
200
330309646
241701096
184886599
762132355
705441463
409883503
484402181
536320582
908395356
839826926
835715599
8557751
662617391
667505046
767052050
580927565
829646906
925773630
424443091
717099552
618723095
325376555
151068019
214834564
520139812
150997204
222752534
36224671
986762693
569969849
937584945
748231715
338839204
108952054
451934314
670027137
978522484
596216978
351866285
81558428
718993499
917280470
599963485
230865702
627129876
358898376
193639347
829057150
912074702
494171863
371737524
255644871
890814207
894141138
103223939
290206507
233955136
45284606
532960566
103048364
806295350
38134547
769964682
892346417
341808554
357453496
777777895
704288287
866842886
164079001
783607068
57411922
671869541
190703838
396907334
430662293
926673661
410922426
850483488
995609277
185989840
102521933
902098842
640922260
962825513
274067312
93573405
942047163
333132026
137512709
943134836
927323695
856591419
183910454
127170701
383416174
307258318
991472082
442566633
441544078
804724618
267281662
781197898
892571555
72051059
651460760
761513070
739273013
47193917
403236294
789532632
395990051
867518810
987210767
452663585
723404094
486953560
171695904
134236888
512523189
603141011
576894948
204309964
794607615
343033250
127682723
529458708
211122785
391043910
635834387
2468714
386463069
541425354
39045989
136699814
302629341
208046582
886321394
912693578
664308253
424653000
502849331
746604424
905410049
501783009
421992724
108175781
845165340
675931596
163700317
635715471
368282682
942423964
194675231
332271494
430922276
984949266
400226407
611844466
351596647
159517779
150077665
52244033
586698166
124494268
489523408
442720917
781581292
121828330
309043193
136469812
125481493
67626363
61894487
58818379
881813358
414189198
238207066
545858582
583426267
657665477
209948266
138497308
734958779
882870928
25662824
54895631
104345327
364064692
923227251
171065771
101823215
389264766
461351283
9269761
56749053
219250958
774145757
680908532
420399230
