2
200
842468288
269949454
794108687
796434221
893744248
922696629
88024842
344468321
999460855
402128968
330554780
199221797
557175954
34896234
804812240
469920772
252909036
848597929
404192356
760991198
25196632
12699456
82339712
890434366
56188578
887351359
369417471
93808760
847004309
106585511
986494396
638356650
19444782
974227046
500793137
149425905
696325885
18580211
495263149
217596072
111402289
863578971
397211077
408579279
504687069
52636080
498821539
157448877
255320713
385353429
305146205
695751091
962149413
896642016
957905939
240137045
753314994
29026223
217092128
174412201
334769123
884500959
164757797
577493286
686593286
135899363
341403738
941186973
650463350
31103043
262608480
46742890
636033424
811100892
556659801
176612196
332125814
849083656
334496273
66624059
332142080
378164398
859211000
144770781
725525591
582476766
334740837
613305943
661768503
733368010
176420932
464120515
535372369
735535547
667705222
82760785
646731722
603629789
360492412
176822567
293582007
485882256
81490153
572434496
414533739
804725962
306588744
490354987
324726830
625860944
115584884
282545445
571193147
139568939
95291582
699040764
683276266
919244647
684756710
965792708
749621379
758194348
681629398
263077020
227177436
118517349
233713283
623527057
902027999
674678435
604529218
78601186
358049599
764686831
366445411
672735510
443832897
840359106
165585388
395885197
323259800
662822100
616635064
236869733
496126063
445415054
837661324
993981608
718928346
351697381
988461098
19959774
778980326
623527410
841445252
694940393
26573825
663731498
919695719
101635305
904045656
453800814
224057679
267137999
574845764
796999534
524521690
77954503
21455524
473718975
811256168
792027376
975753921
287477272
665686995
354952005
909034578
799868291
466026702
311963166
773936952
919183066
188529275
80893472
446316238
930034019
100184905
36645501
388239361
158278958
659265500
871401821
747669434
533059007
995866035
214874846
205556945
500160563
401624395
721936053
