2
200
550529609
688200961
704818094
319001586
100331507
601983378
761598879
105678945
80267213
110055973
403964852
131296255
289923764
469734642
797487182
140152180
125965259
646464190
829038428
616359561
595469179
444858834
993661527
1523
889958001
485610542
834063600
352661323
188847649
207729156
268462445
512916281
13986523
297196548
14686830
279947354
722678910
522061563
624448985
628215129
433268172
18879948
193029915
576100631
607562889
350720701
614166647
458795570
832904564
927901478
124491783
169234205
172552563
9117495
665726598
919519220
245178075
107572202
854432646
863325050
261697725
598004306
657122586
953167575
242821610
723849231
661933149
790454684
415630322
264078219
940420702
134040721
959450778
212457101
649567997
317068151
294168640
794162405
483680264
886410397
348491353
156941730
121709990
924197419
502174561
585140038
237801047
446223994
678483092
499243256
201843361
363050066
463250912
938377007
130513537
474790389
859551504
732247531
383837629
807285993
25847276
90305790
292976292
700739975
5423590
689938383
804210197
407693565
832787900
965848321
962950275
977965977
686173255
693992881
284764897
850648085
929960439
437237753
716994279
988171717
362266958
898503483
23442195
448028210
698556713
5144218
774276375
983131107
742656036
34392778
295658836
513794722
818895669
663640253
119013865
490837471
984459652
502646989
969495522
865010221
191485625
93314253
669780333
322769495
975827550
298488574
582862310
607418211
209754309
386592111
555390427
369233451
656925035
998716022
199964275
109870235
395382138
523181082
992823119
438828629
39390098
955147918
53737640
220988920
896255638
936614241
798188092
130324015
409045740
561498070
421649947
32126321
28094034
295414419
811864293
353164151
77592833
358399626
731277277
285976216
737419825
315853306
996767178
613458942
743194498
992599989
403635467
924893936
560817052
56540523
771224909
624286938
113688448
937111114
954520649
200268855
167790744
141533840
895958453
3323238
