2
200
288314783
328685047
727817073
165414696
939237594
255933540
405113731
165846754
655582441
488463329
102618044
317784638
306003025
461275455
414876138
220200680
173517795
721314923
77487926
473563575
510794424
103035115
214843733
569373863
19144609
534681875
751632634
194971476
790260032
404359968
656618851
100930918
801448972
624847273
156249165
654566980
793395062
664147452
735006901
670862836
380944152
144717741
352042800
997210465
256184143
715941967
285225452
832819805
85809657
19629635
86684189
475804744
869436381
464267606
714781001
910983769
532100097
421422834
574621579
962980928
191984903
301170563
317348725
423629316
39022674
583240638
174160553
710929285
914930778
151746515
663058942
412116985
390643919
238703924
347207144
297803958
390535365
541259229
136167022
575848519
753328914
934335157
148550946
264412150
22976201
822333783
667524472
664319899
493586320
210047238
513045820
760174416
205038201
299312659
147364273
647618724
250085796
988403700
394280862
469882239
460660277
270271362
703665104
400960228
767738077
228102995
416687866
842361073
362818393
550883227
364849254
720681768
649408696
565229764
451829781
686576911
855758868
260101493
21624264
295391756
334549462
39979005
617127093
843502560
631660948
418151026
75656166
525956434
378951303
350092953
889806431
348341745
166496263
615428709
738268406
234269622
574618357
487216520
736310879
26565249
221425541
48807481
586237503
747410716
475831312
280288898
902301837
813487003
216886821
637655038
824581430
197853843
548672651
545223280
969282885
109054400
368848388
110963685
429151041
282446476
720026299
497372600
927926592
365180400
175596358
693495811
270957692
772827194
518925218
733147174
862521297
575135483
641936830
69998479
939748662
804803616
415314035
186143637
692987510
269933766
408410086
822464691
26462570
805792690
22845460
597604109
350695393
803352684
715211922
249426282
534612893
170670198
153187295
634152334
591318398
698132971
377236356
65385919
956967672
752480110
