2
200
112999355
338308647
738454024
779407988
904209861
704846750
172492024
960477200
868460029
116216187
796612739
326081055
626006630
564448695
903612613
510555675
154869027
519667554
109248619
233921436
926812445
243294654
50179560
215426637
446927199
31115772
843105912
340648331
52725333
654281389
94078284
815762755
412944255
646514127
458408483
253496995
820078921
510561258
692975596
245102971
983831433
573414296
883490948
934337243
98348923
144857450
465016400
602570557
973231034
591485108
540513049
224740439
167059364
439453257
729315203
674392994
33624542
747216916
86472829
979339189
260180196
210909992
873935419
437181219
166747313
797885245
678807582
669231192
884477930
619506042
648494158
116804448
500552089
178377283
359126787
125591571
994472658
900299410
617031067
288578648
340115604
882753888
248054132
976118351
863083527
689402825
364055278
576765427
809601538
187579291
905343743
106498011
867645754
188496401
79361442
578766853
365352916
446398006
646845833
778883826
379908002
303338198
831055567
4555615
29973520
149446592
256376438
950467621
454069537
599806058
835969290
200652989
182029671
595015055
368924109
110249948
101240398
459092399
478440299
164434170
533213105
236407105
472084074
691139788
766707351
721780005
386785119
36113044
223990362
962025872
55475207
933263782
377438809
367730086
265676056
828511862
237931089
776584227
203255494
75001220
133348306
863532203
104803470
491082267
296753661
208069434
529534425
756236256
181023084
712985348
869740410
877789046
498678882
811863728
188563809
716292050
527478752
349289416
877148246
549878411
502253046
893407374
38216361
415155846
858292618
60097499
189241092
816820994
155068055
847570789
581563020
694626461
516567244
257266757
499130546
278611403
597465920
575463185
55030898
689328094
979658182
16216110
211954212
83050008
90813633
359965132
607003281
568925335
510854140
457439359
971277761
563510164
456387425
897035560
839865895
900746826
612189407
376424367
874886021
787696145
