2
200
790787988
644711460
961183273
410735866
313289986
201727025
687240552
50460978
728104515
569053290
870160483
321133555
333271711
104067953
969540791
895905123
937943244
944302361
733106916
589113695
578501856
185121830
805334752
215847402
25711290
830344384
310089655
217082460
617030279
218425001
19531417
490740504
878053601
27870064
116892000
657721152
503496013
736150054
606112851
555258916
854910989
383140699
73224452
122973932
642578707
274562027
192064702
483526986
529136864
453435899
365431361
806140314
934250177
850230383
998391627
547268742
852657524
999556995
32046654
198628976
733964028
993633058
652990033
210583108
435382777
311289959
793665768
467830835
426277703
586683782
597668660
79004631
12544097
53259792
464076095
556558499
171419026
167416769
532697971
816619691
919834383
991004662
280424614
763494010
113058982
994646769
19636159
295328916
737776417
876459306
828065888
451302038
340375542
890335176
776441198
332671928
83839496
740612287
259030878
950956246
579840641
794573324
886259018
703382733
320581652
47752236
29530595
742423413
863898251
289588662
448073271
198641316
974468200
737165384
327447722
600575330
844610599
809515516
946393697
284651186
877151917
252405663
503782628
965403645
64060981
604284897
509967107
116511347
730741694
278857987
365140806
349487643
418894159
30185749
883322287
58807029
460061235
947486052
816745650
299663495
534349198
726018603
429398854
650736467
572607213
718677629
947251774
393108978
700917155
852222969
815494552
96178757
165278605
879771903
939699805
919630626
202585191
991240017
768511803
475486561
723897230
473633927
805976678
387379770
757550241
576669517
336821788
712089055
957050530
876371601
883110926
901615372
248281550
541425449
749451158
470559256
586619070
745841541
687371158
330397377
185505451
447313613
226492935
985127599
201013951
686042857
523436178
589654915
656453426
387130714
753728280
173193577
678467498
950318193
788592382
493408971
115834980
517555544
678096093
608652428
