2
200
821540095
948102574
102880390
468157584
814105041
796864153
72014846
87766710
593277523
619768876
208372330
430101440
462511352
486021150
566789815
441795701
222001511
760445022
691223980
130879705
551467171
661013028
266293342
319841268
381329473
238100220
841055346
474789291
918019330
487797984
775439949
738977672
145268957
539930957
872660477
482770676
456059322
296032416
146801596
407883606
992690398
586766237
149331669
587509569
833234320
364796144
321913592
841135050
901262992
933433250
413130851
966525225
773406801
881522102
352669274
225075927
525172250
29531975
852790537
140336501
225090953
437887844
499017096
556906585
183197125
740066563
478513117
389875422
902164946
382824251
258897171
989975639
267021153
41448175
860233361
373612915
424280383
555362353
173065335
59097326
399716444
403253128
721312031
906885696
677669659
794103169
130095688
679696269
587911608
33235402
743559144
421864290
82402581
569030167
505447975
980272921
703485860
898806280
415822473
313079281
635193265
722239185
397508482
526663984
770256113
497254777
292822136
671203064
487874245
957162751
696719422
670390188
83674227
697477530
867805867
457960661
175492438
876487430
484679043
517672844
450753654
788872482
695610011
481298024
421570114
775435543
14896407
976784137
787833877
725910805
239063952
974373652
656758426
302579390
322990553
661081552
291810582
320306885
734835670
109513714
869405742
150011424
247929205
406208338
27266338
899655012
452592790
704997242
224951837
73116848
761399097
565585756
234814401
62491711
140425303
852172634
362532519
605325545
491092060
483155101
69684251
555802965
972184207
796380765
548119144
781033825
930035458
67552636
524666957
534353016
147978670
697357189
707139904
504073781
256969555
9803844
196986398
249387933
897084452
791810863
955498655
324469407
456950007
678844374
136561051
155303378
286366576
781267481
554162911
392908939
847315347
754667758
384184354
407922130
444674766
348518224
220143276
41234980
427426186
545906573
