2
200
344656170
717375922
962907387
835081797
486503655
686055942
605179008
462346815
694379617
379485476
504733270
96880943
975884293
607581584
138702404
730108559
630355110
381147005
44760876
960102984
630909122
332758340
287778907
519342306
241022291
727614308
149408913
610725912
144532580
257406190
379498787
643550288
291174818
310419078
132628678
215203217
754456354
914641235
664950757
350286190
653635592
475039179
926773118
7325073
70544135
883975425
171870176
299469956
73638315
412783345
54296444
14120733
388831747
611479564
584642972
956990423
869453557
963208079
482992025
39192961
503840386
917910686
961904132
814177764
155880327
515474179
780254883
489838379
532053049
234027786
136637108
544942568
391441776
141568013
722760317
490709371
793478457
216202879
912483715
246188120
273681269
476230031
892973281
22193123
422402409
439888185
859240799
775592558
714820720
214145639
185833335
500096136
494518568
991612503
417544603
275186234
888086393
664728609
112168181
946923188
372303943
588119300
278627587
424837755
32062735
534594
257115131
120999554
328362145
720442896
749474972
133693518
282194734
207921414
555759365
266678043
113357817
394912137
28855166
819386778
749692974
455674140
728037617
949514987
286825021
500687595
996517206
401390772
86986147
357425243
470273318
950201628
134902754
176439640
338626888
188786505
269173781
507506646
835193012
690333582
888010872
41216135
41262664
611587507
111481454
30121394
227267749
315967462
56453130
346334514
934960659
58964657
867809404
135371334
920484544
519647895
645674075
289119959
968234457
742038943
256228140
199334494
782932789
196495030
125945564
961682014
561366850
231907041
367620488
970296681
989667161
342199514
732174177
260188639
150844555
136281064
59048087
536224890
97599619
12477709
40841911
467984902
766909493
934734446
114776548
921225424
500679134
305339844
761241181
822256244
882689070
721304563
280759152
745666886
754619171
348503671
942110443
192096920
1798735
425140715
