2
200
70185106
762369325
876434432
765955843
107900868
672316342
500842130
88044104
346241391
418242341
253276805
691884619
576970952
49399626
622855281
651979481
820709051
291941981
254439143
728790653
697638389
220311306
297671729
150071827
848278587
338009039
393728259
270623613
253316393
314163826
737775813
345207381
441259229
256074229
892346879
284658425
170193508
918432923
938198842
107573907
815059740
222243509
998222568
923677912
627212648
96180225
985909622
456522343
20003546
531025982
827653937
24852741
121391655
939318407
454161785
282407091
195942614
73184067
417317745
902457618
989148501
228931591
717236676
398513777
730860837
820033165
652032901
696707851
84859029
749128768
288806527
292765348
300587889
560759413
134540075
45321572
504922663
564907918
653394398
525430387
593530268
130862641
376134537
640660356
669562676
354131834
298870593
855031269
988842183
780652726
471121851
157196766
81214134
889179712
227555848
756713209
173396847
743988777
656348075
802639353
25421829
29063730
924166185
996254731
982330089
502135051
155809152
28623252
654916582
352043361
509277169
194845814
592205952
829463490
753618487
260186920
470911246
809681193
489750030
557766152
506991660
843332841
772143149
219460886
657560635
201621852
667383
730665456
532579019
284563298
846510267
301248116
305543947
272648930
759208344
209339224
179759220
332174583
455542930
751136931
562316666
285685990
233801889
445783140
89922553
434468738
822814024
785964310
549822079
74539998
709757518
230554403
435110422
375410458
264475621
732837124
154763511
103096000
545758233
909679929
92832817
670991505
226861487
338153950
814893114
872700929
767438185
350909650
379386332
495863418
283171447
470771190
673540276
534719337
101913442
348599212
507647296
606258367
736625948
217726577
760947753
621268175
432101364
88957336
296197607
562962242
433523234
857088358
381659654
873038143
220175162
136094611
921972914
924295950
409181787
900459914
392375804
996795153
270647498
701380489
