2
200
316247034
878017758
444845983
274673174
304113352
898618986
345262927
865465872
612388922
801192770
572049000
498143816
892833534
119514056
121922995
555770309
931639328
95512003
892246436
808994311
100866421
259968691
902879128
10771840
729376271
878140061
39867118
537102643
463517451
771332231
938646102
115057463
572745048
513486367
987918069
621510290
748510334
410423019
441724821
440016332
746167558
471063112
807654766
166222196
586161695
715224464
793820706
363017487
272340769
447660965
282938626
641480264
944894812
547739266
436555893
676407643
523282061
132053755
598611932
426343981
65217941
183245857
821669128
322639026
352911987
798029859
587314206
318695060
219759220
455753055
9532114
17192192
143605685
566466250
897507352
301551813
690634929
159265886
527720269
771105616
342833995
520985840
637215341
576501496
55136722
189048776
123929954
851005831
756184847
607491178
654486146
652861233
411731265
303840428
427888091
534887623
370651055
308190200
990555208
398415031
60043923
194904576
263876766
532912561
668674519
30882226
83046017
394671589
321606875
825472360
178368533
818502191
92496197
610335107
131272532
724562389
767604050
491504213
616844243
289117060
499495043
308945091
413372721
487245015
144411457
157918840
54985029
994436681
558934260
586591659
545214463
265496320
102529594
345838665
413007498
541679005
274110253
688485112
360336384
712490014
423367417
396411184
46820121
175563013
894221332
576166741
863514577
300678477
219427353
704837249
206603007
128160429
324902712
680867168
806936825
488987852
625620143
747391266
744032864
664311927
485566761
271603579
359288310
415625924
245702879
328253193
737981261
225693713
592604448
18313478
637531902
387017616
43340185
13112297
466193270
979651401
963101489
723481672
566588860
976533803
380641065
782124937
143491768
511304308
818043098
938927903
339386020
145320077
524228292
333579431
813699710
844270364
588663369
979590813
810208601
877757758
907564637
673502197
543047444
941891433
