2
200
35049537
954600397
441377064
252648654
571302050
529983000
124657530
844795025
30625614
835906030
753208313
480048770
393879051
962062051
646462449
723381535
711588807
487581454
810678845
234285376
701067268
388450418
208571258
881124699
326009733
260310525
839234520
459133672
26112160
415533674
967558769
126497981
747223055
844583147
752847521
632430012
752817549
76308405
909086177
399242798
374344654
495095735
384478413
735651136
528301194
819429900
184755149
150267628
547120426
528260306
74173757
954733375
816585277
622633810
363804488
748819639
379436746
388702374
961125859
852149364
321850857
711740839
716929453
6802520
302124341
853083976
779554657
735125253
119644009
118036429
584373072
421634307
332076187
606974338
711619438
331433795
352817682
43456439
918734897
160719171
103953775
857551413
949315286
99981013
23106019
569876917
631817614
967728632
708217238
406733160
200371013
346767289
370924569
193945299
464076872
142462285
281065410
555413822
705702777
758231158
434802726
312290259
156995203
84381607
173010377
664427926
543893696
396981846
609243408
441612306
836218069
918128530
838378806
211526597
264032202
69247883
612571494
797323596
21662361
465037077
331083116
164622488
812049007
730454787
529886246
423368855
999746007
566190224
932995781
144173714
591062552
274989458
534178762
674985910
386224
760560602
904625327
12895453
916156516
182780970
863422620
776758250
330333055
138979230
48296829
12423623
339117883
769120640
182399635
457155866
548178946
836038446
358110072
405956948
829137653
205815244
405128448
484578256
280019381
215879573
466299572
955241236
766754851
365125811
28366724
773777992
121589241
300336076
30900256
41152014
167957087
275232343
788341389
107305431
216126479
271381168
849887719
155034830
554389953
913023336
412743664
286234016
194690819
357633339
328492476
751085101
110748806
327046047
195818735
486698963
204600976
862796970
372883787
74688035
929126436
622241921
821542560
765290968
459282675
449691776
