2
200
332598569
445793512
209508525
228871474
174409659
838019571
552918456
48353700
299562050
763958668
364585620
567295661
99500424
175194925
344990532
806194217
385621863
938188366
737572682
827830004
792983176
97960695
806709134
638533481
242743196
552779615
878701905
107690979
753565422
33999699
762795045
312076724
260536392
757543191
433213597
878235403
680855077
365190313
669554631
789432491
225394962
891363574
334733588
508799596
261445613
161511846
411004646
665201705
151548500
395781207
667160146
15561054
706375221
445581019
405913502
257540389
439549898
34127283
748041456
350522451
858275996
936263771
579277672
553776949
653113082
753408157
539369705
747134002
999619427
785162772
587287401
87234489
370119794
421909495
704410978
544018836
301685443
38105635
422329945
442317731
373065748
341550013
617871260
673346581
326425212
722166870
430775335
603153799
905341759
868310904
385578320
613178549
359755238
221106982
78950547
276714600
287313551
457015157
172064627
222278356
739714381
86574363
249721788
89067125
807073954
905403789
712910556
557979184
375100869
463746487
672081078
367414280
105512172
134485158
978705098
202192214
683924873
469186275
622895480
390737511
88194384
387069847
301356459
849593229
468141313
836014919
637422737
250334079
377126700
89158103
209379969
534772273
200712389
497256116
506890585
535610049
562134103
496702186
125272523
30416992
678662818
793322446
555512663
241864861
384436896
438415809
223286227
654336124
425769025
185886025
844699820
363002662
86665867
251821176
13972820
566909319
511212994
905360630
327502438
236244115
247917020
980375765
996699197
452919443
12053562
536415445
299017249
361301316
84821318
668884520
456201041
678962988
851611452
867509446
28359102
120174738
115598574
264095093
623636990
967404327
747508709
966842950
314207848
184021800
374087724
629463304
79599503
590962272
273319986
81374778
296807276
559002128
157113086
642681468
715283453
887789230
47576043
43544183
990367642
649770839
