2
200
759051758
565349245
685019907
205828703
78372228
565092764
746409109
669407542
324167933
173906215
446394141
902561973
854640220
745619268
236863967
852715885
626345141
42276649
289732033
810396435
985560480
823489874
590823736
46537801
533039200
180038352
533629962
761139121
376872856
488575031
494362806
866511532
327389791
769272037
649987638
587576299
919029730
599541946
491993003
126725801
149163199
121592573
190351141
261115598
969621924
274688494
227093870
666543995
349825723
972599693
433328834
525536125
212271319
917812520
358666605
905719972
320307714
275505499
242920056
27331786
721610830
332313840
219429081
832450327
898012831
824391558
915634356
344284339
418926239
515650986
722798972
380095430
176277812
777702341
196915692
82390593
57507474
285331192
244883516
545895856
263422986
947798192
395071733
645619286
965910563
582924846
349284021
727530248
414289266
117123949
930652966
212718350
310018012
134830942
624708389
511700421
819083781
8142565
164320849
188459855
888246720
661511494
803909541
842651114
703796599
845133064
466041362
968074843
547011451
790370653
772903891
65825391
277758658
194138852
396083644
71732954
633645020
376281601
415087459
981573624
509273047
328738081
197697814
230235590
250627702
966543119
692966735
868718033
872782328
922963744
222489751
728403573
178462767
653307032
981177717
316181219
15671336
369894770
213753829
393699942
434770876
210577890
870102245
727022855
688664499
141822052
657301894
413218152
161657808
171957947
674176019
346764653
97339963
334614745
913019141
974146630
882858106
954308426
494311377
132626738
833950970
663359444
718327923
801513323
354203201
630154114
912903455
188365940
998661911
915813771
975325296
204096437
719794076
853096705
425079135
549386682
301920913
672016810
415212546
748574876
847302257
471028338
251606452
846971806
375382524
516944294
172581437
163599743
755982166
521510776
150154589
855108745
979060684
485110953
65701021
846745667
984258668
468038353
286360033
387669683
