2
50
915224871
440158164
986104869
252587900
402853865
276806580
605810403
384542843
547623238
911498515
19702037
628397521
348407865
257115584
816067568
202141381
116675766
596495992
928847523
192699709
988173839
616716865
706089953
701456326
726762626
384611432
277298516
296260911
224674880
390917299
211005260
752001042
526789640
642071806
505723389
3128498
398422662
485960664
732387555
56317913
54034165
1185349
186399509
357380990
154486767
118024433
120733629
437370208
820109069
831313282
