2
50
132554661
916900885
98432344
160422390
744734099
690971051
890568002
641336258
889808190
625534063
374350746
220318878
588972260
977701580
787083257
754035998
107823750
405317041
983488328
609688497
316907251
623615842
812192193
974477756
724090588
263949323
596116733
827836721
382778323
751914503
552907438
439231520
302080445
304154696
981545556
443698478
614720755
970843824
878137196
996142499
963075539
939690603
864134790
132559106
404685441
121857485
865330412
507484974
955915190
953742751
