2
50
657989065
450489017
206914166
510398180
232930337
831623479
853228652
118510064
864532872
756137253
243538642
36543267
582074462
259085774
378498034
680099806
663543439
581421403
624071256
369616275
160063405
672199304
831219530
51188782
165723853
630532200
897059799
271574674
173641509
520876477
505033072
111018046
799837010
789284198
84444000
909386255
408583779
551555366
227165294
998500571
232543470
500313243
100148761
315209170
491115661
42098249
771682653
896090406
392178893
586156978
