2
50
524422669
344151124
882244692
520858418
93066960
106091562
878651074
656458170
828127650
228242306
779612328
162430131
26835300
18110525
221874024
243052700
760841524
786682673
209978436
279084338
23487504
13389456
739262646
268890533
542952312
567248592
190276654
500079686
793838223
599935073
493159864
589788265
164535892
237133629
182739479
842392037
177079395
653648608
85694654
659972679
269313994
885966556
543356359
154663708
667539393
482462419
969308082
473000881
188308532
757303048
