2
50
674715933
699718504
688468598
895172174
423601861
885725163
590127786
421831550
213947623
66476379
490503156
125833250
12638687
255249271
204388834
577779089
808267219
124576851
701660117
948826748
297039850
152576662
143978111
652561453
403129580
244202403
479667935
993174086
633200
68991963
687174788
178076689
394424085
991759747
140316797
742556693
191025358
50115671
78442174
296741429
813743789
233040153
278448138
533709177
2043210
900561223
331072490
362726966
846663193
261684815
