2
50
15787191
747329004
908751354
656216687
95284581
841686539
262259040
607718224
286382962
416385123
664080339
190804529
273458843
580913389
843298938
579911487
421190982
457621280
241749662
516003576
985919936
801868852
613136426
625314134
144726213
573222808
170912827
299326252
679235410
738302502
761798732
553502501
774295641
158342734
858854547
849133661
473138690
919788238
184747960
923956266
255865419
647289108
839523290
21654925
291742365
536425824
462514058
584599531
838893772
873374588
