2
50
578203547
785107805
64888983
21027177
4563721
389414849
610729640
705143018
24273725
961749756
632581365
535205530
961243285
365618906
447808052
278074295
675620006
934848393
670350525
296282786
416702854
259099205
514565317
371579381
922660478
997156564
6920076
86521895
648026641
969479601
291210715
626764039
583314274
242819903
984665891
741457054
240847655
623602211
244680307
599550709
232996171
144487849
335138682
635909525
841441113
837734949
136079019
873325377
331299936
354719295
