2
50
102578699
721408952
488750205
671485036
165260429
983915824
876823791
217431491
581289254
640787017
317815849
148299507
537079495
793316835
300112050
567710045
933792497
741431842
233932617
182148660
878401220
237747034
20717307
592018619
847507963
471559366
583165074
9872572
169819797
6016508
613931215
907356651
321440355
121667034
223453185
1920552
705704128
162234144
856746667
217525198
923588844
455931633
390480148
434254162
837627348
160906000
859720750
658165809
67082149
910140794
