2
50
284441735
283677835
558455498
815689598
162751838
146043397
114219345
391055574
984204551
200959530
649231768
598459282
519321991
796895786
435495787
59117624
439496900
550370629
897243165
367839886
167213959
705508086
817916530
757951060
36825374
698052866
945610190
200905377
27096578
663270853
665486235
10862996
358737716
526333316
720359217
375822519
800197240
323172577
427992176
363904288
68734106
866497883
361203956
465536615
713363825
193461140
91432084
721267373
799105986
419254439
