2
50
180018071
886325853
164158159
140631536
124138138
967791269
634393259
112919232
419719491
799215235
435368912
190128173
451626856
928082792
540110371
197934136
946458441
568596467
330733993
983680473
838844205
471785376
970582170
571451805
16414253
818296745
961712741
638440909
314203831
182484923
824629614
631881833
832526851
14713990
915114342
870643379
187931850
588511935
616263419
751430638
85139432
649526470
666080235
123625100
741059151
23834848
898021596
3950508
703527431
840182795
