2
50
34812525
416202471
486446815
775434889
162594604
383276297
653506145
661015633
288176884
355647744
26201294
69071339
681678638
429420643
462887902
284576714
218601088
669276741
718178430
922856918
627360528
242032037
923028775
437654627
538975445
692791418
158721549
253670412
162793865
471463214
303840395
702528354
210194972
220873967
117833707
388457238
513503143
89559530
448742594
159790385
851329834
951456873
50801873
718926746
288419399
553756301
436295110
449906931
771105664
230356953
