2
50
389001425
803165565
769584028
839608117
993260834
632319844
685452200
607079131
443768855
383316895
776271986
361650581
433049266
537946461
779877632
922324023
574707645
715949102
178521540
872277720
241203318
938717176
839566940
805701441
930670598
774334445
953480917
115569488
972855586
251211521
769315353
505489228
752509035
984576290
569759255
81988611
115948033
38907506
385443671
511746278
816376085
916277404
706302854
677398285
214986134
923111336
148130823
860287411
145160602
531662965
