2
50
576271210
753916918
914267281
98948924
750610596
724987422
426501310
201276555
147740112
731019438
106602205
147447544
947000230
728049954
110339080
307904879
963893693
988022589
762552330
475015785
864541905
89700311
974131300
230049834
225314063
498956503
767028860
712525472
420300183
191629867
661190709
331478741
673257564
611615560
51185863
620472940
943302358
914882927
278314039
100293045
109566264
833495403
882700942
490688554
361306222
279458423
941791284
449637239
811178320
20665549
