2
50
842378718
9342551
67006291
287463287
189594697
162163740
263544991
190581620
267850139
629705990
512046443
277368659
799047048
498726652
532022535
662702787
992159381
988833500
684402144
33809348
383328620
217325414
925529847
315304506
712357839
220473776
355069857
674617749
869687217
646204108
898381309
662667860
964521772
356240553
320543247
411254495
821387919
726447022
319876641
608679387
463072967
771844186
282766944
409472438
368924806
33282109
504025963
176275900
795043508
58275032
