2
50
446955936
409944755
702107161
754796897
939741053
957832740
522101836
92084539
586933204
926484362
159798149
504941489
943683845
398421566
171403542
137896509
218604672
328804692
980220994
574388974
642692683
123618879
873936230
443002471
437202835
367393456
342791695
269441900
791815326
204486180
887486459
787205506
344925104
296377457
54850348
818589231
98809576
570876399
275075996
24048849
394927581
892955131
488716648
182100841
783615570
448379145
157973767
572121107
57075401
366093223
