2
50
204414264
93906351
898923767
178831569
202396530
213004844
904509412
843838985
853821915
64817633
343638495
22455270
790840463
366923468
674779582
676080574
536755427
75121142
118060097
32602055
619482111
977631858
740387028
878256364
328840783
896783096
201003562
95425456
893479361
361406366
756376472
846098101
151396036
78147916
717108833
303060291
381725508
921761064
671997660
84720103
660279126
880798327
340356177
664806680
455658269
212868898
880804115
332248030
293394121
889913847
