2
50
648986279
119931926
70975190
384505624
578126878
961811376
465851965
395119159
1859731
892480984
991830710
444320457
885729049
488603200
644466508
428644514
408057567
128470174
487414526
72738371
343642449
797852298
505886289
976932953
791230149
8081366
995487787
937853807
782711324
188074243
442640537
97720083
970344695
107212100
967587952
785355828
960191457
377091447
837441166
702467693
542362548
264541268
214109227
198954100
27694377
324236176
293280804
371917583
347855145
886315950
