2
50
209740256
387963971
761950775
309370381
309869488
911853899
193585127
627027952
726721467
732883893
864089794
829684345
818191440
834167944
494027604
843034253
92810453
996795245
118908563
446001022
427626759
164557534
809158399
171845881
3243634
457481339
359448485
322317738
917030527
766913364
458795196
745513660
176212961
942556002
858815491
519613039
200995491
516234896
228046551
453344270
913032763
991163531
398330253
67070591
843000545
299463546
985500337
549652862
617706106
322036831
