2
50
21926003
617348776
487204024
582166760
869940464
414591408
14587320
424705803
446178198
725899597
520546495
154233371
108769508
402317617
946843020
935678318
42535058
777150813
5660254
38135396
700658100
607207509
169914079
734700399
470230747
455685325
48676914
573380408
284117348
526126747
64422472
38723652
64085341
771595554
7175194
270930916
823337084
341596891
994163709
512166517
183999408
818313693
338957009
419198577
553554411
210570350
728213141
94015593
542474238
24367767
