2
50
435391304
805031925
395026061
200465334
266911685
402270307
833966010
637657694
283575987
90162209
398000875
264916746
164987151
668298534
537016228
163230328
98813311
608797360
128909219
583028388
283046984
536187646
523365320
651529980
585824579
650146163
141619675
453495930
298711729
633617863
701520425
826189463
637533847
431782486
880854994
914385558
155860373
102348033
295833328
387740543
238649032
234286447
962374413
368763096
866222290
228922316
515600269
101716281
480512414
756499599
