2
50
700605468
702052562
393723247
822705799
668479375
211767408
683494864
5763055
177960455
40816808
279124469
33673499
337668112
363025443
25684821
35955756
493174845
665556267
444088841
206892994
966940440
239121230
368649598
339064924
574518346
521102829
789591650
120545245
85443189
156216927
887244341
359257307
398806239
424342676
14307397
93589257
545435273
592141453
344066992
653596719
586896470
758293386
289895455
194720359
639054762
674766869
808643726
568461505
490840053
806056933
