2
50
112983359
405051325
508669839
56727759
896958690
45737185
78680596
145879267
502678169
174369346
727601671
495731065
917988566
142840494
330658513
716129706
181698913
534928632
61347074
857730
137420888
6603047
379786787
138827973
691458508
229365295
789575911
775278318
841116716
374887225
640974125
459642158
186834129
527188268
536632627
920110550
211502323
434120379
42586366
930788694
386849279
261179607
407947632
600132351
882014271
534832905
943750282
685680203
87092219
897520110
