2
50
951214899
206344675
227275571
760020032
920714861
590786711
748542520
493771411
11517018
673572780
196775107
683879004
41076061
261157881
162111789
781164647
756398906
767786348
201235298
659710601
191180039
48166675
767720874
981959332
590431836
261383929
167081519
296225202
924023312
844074923
9770900
798798234
882977757
609329499
337411659
959106731
307962596
453862597
909691635
604213835
280071521
133615657
267024504
613513906
558792200
221431377
198020640
62001120
269068866
484158144
