2
50
684296443
228957222
971906274
95326330
253372292
346406672
721314560
341064181
643222509
63713125
845021214
777324090
563983215
191325727
785235896
240728981
885360513
189770058
100181343
564105523
834569404
614842114
777422506
539053583
772869966
491978552
187995194
43235642
541299110
711400779
834861868
468667266
42158148
179765623
425270233
844939494
792505428
311019541
112175953
910223337
179148424
850093328
430172919
180314304
759455618
193943183
62554090
552250073
29809647
569874835
