2
50
472201946
495903806
362411327
755637751
486154879
303856466
98788733
655710861
12535457
35009355
880598598
366825930
346716987
765566075
382301024
795998263
931251607
849950393
676003639
888734049
383484927
95269928
231212037
614407596
219201050
361442135
278028776
242396389
460832924
471034191
922682747
106955692
393644997
511766315
196947988
903759515
640693436
907423017
221612571
223993124
502932843
614930774
393662266
443013002
579083504
157730327
672189027
275689093
106840353
549396708
