2
50
92745193
317105136
50728703
499251434
43678909
868280634
846222921
497876153
811386970
521114147
622804463
824712613
26193014
814205819
271152316
80949316
707314101
900554255
529379470
101663958
202924722
129796481
641068331
686566329
324678674
464234859
5428304
626495567
562637795
308461577
150439978
306969889
879957065
807924251
508783849
732996801
508805730
359911052
239647287
366208687
191529555
187877525
359714042
34009569
359605990
954825345
399712158
578725643
460939778
693046131
