2
50
446699634
59667776
784793484
780775311
906595407
109655506
183545560
212066810
515302520
493553201
282784633
557307563
475069590
774830467
809284215
255418561
867254219
507541320
581429060
104667471
592850947
461857746
564627095
305751800
907346787
116255057
792999873
154681496
54081538
721230050
176309917
607020136
847308148
919885886
477223365
228536472
387182143
706648177
370355276
778224302
581500344
987306528
441261180
715208984
376859607
473050756
511249688
315520067
531974909
842767211
