2
50
318899288
260129845
515953775
508101895
687028598
362116160
56532929
484223898
133620104
372064032
7699132
100720516
429034881
918541645
781986161
708023049
435754498
100417198
952776783
134178014
240532271
234080472
767959327
820117802
823284397
38780059
913439911
160722516
12784325
246296751
891544691
206466986
509141696
656881634
43243719
796923771
726850105
655342319
50732635
716686970
138670281
347487786
869214149
498501054
848915425
166828077
599576510
712033312
597313608
167113943
