2
50
783646378
839415805
176472732
114841247
88909535
606445977
555523717
960148301
671108379
639149244
246128284
597652627
304420316
418063631
273983556
499343981
930175819
334321209
496224138
272450123
585045438
167971597
786559282
824376904
276510467
528601111
706198281
686069240
38545849
494339848
676986665
874923940
706948336
762704317
613482657
486825020
61259214
681668173
412309747
410693624
841116365
318892734
632415422
91841756
247053126
556139764
220740026
322881951
498691551
889557988
