2
50
787501072
960281081
730085475
613872868
898397024
492180055
345671082
698203201
983927425
934491932
377901867
91684605
422052058
37816562
726916094
59310693
249733673
592969055
794763935
896085743
974089141
298509872
693773836
840270983
170934581
606031790
307767991
122344002
536656278
20038575
742395283
679302319
539790056
913632674
171159973
363845088
600314016
157300903
317985249
569323838
598116798
907109491
473214548
900125331
462925937
975484053
225228041
367964761
718922344
656493668
