2
50
206935705
630793172
650322817
906655186
187577170
47634463
614931418
492123860
576656616
927245247
589389228
469386295
846349966
603399572
851443943
70272525
745850995
631227928
123215488
916782004
433105940
162158876
581164162
664425167
108642406
605356571
175835959
439638112
377665173
492041850
494601934
307787623
285111457
870937258
581858514
744717205
621435629
911940524
600602855
598848147
853021703
895301167
701427567
538336275
520705799
361847669
829955743
661451450
901889591
436462955
