2
50
281615567
440593303
273360252
53338940
578131855
143673841
882419718
25049691
472623584
222550478
896538817
533344938
981918021
549334182
956697612
296352877
427528171
442176410
882367479
652377733
658304584
926860507
329685637
721613714
757686162
258957443
443989017
14074757
680131906
395691911
993794620
312826026
700772672
813926792
566554249
284421236
530616984
872747170
685854217
649364358
520546401
911375645
356413806
855238379
832962368
91298772
582855906
413465859
773972447
277847868
