2
50
841357682
258954221
848047310
823929845
542737158
9724906
432189690
126770442
739515408
614372108
797706058
41602549
198061824
22322019
667692625
770054067
954997106
862217563
426874282
699984683
188450715
818429451
204474698
888244886
497129511
302136096
53663319
374789969
348271509
993326969
49360829
218747498
799784792
808212866
657934564
816887655
394820196
162098599
693506380
949615866
16045144
318377888
335355631
52184762
872429823
493005985
6918576
959187939
394976912
841748238
