2
50
459376776
380282726
4671291
861121150
264525182
306400683
176560768
257598606
688456568
887257662
57739235
301738953
815910750
104056733
327703428
668520179
182759432
841817152
617040459
588658285
456173955
337617635
776979057
820718691
8478439
296734685
503071448
206272020
578164497
346191883
859049603
197893021
874139361
855544062
920294283
821827448
167159598
569202961
890506052
484575695
96562974
251851592
56199054
607216001
225455879
943346348
166771462
373188574
360724352
779237050
