2
50
517188569
927956125
182123677
59121597
717873903
178606274
441661525
26501347
356690043
30942136
39474407
814310559
395980818
77734323
630835795
934741513
239782797
164227017
548755335
61392728
500855586
273712198
829235339
113618773
159040557
251149040
770669378
832218655
491946313
129502156
666986995
337537003
419397616
871516398
261110710
393005504
590091678
865048844
896437851
664598923
856082998
982562356
760870156
391052096
782415932
258447100
33821668
957754258
302866622
682763400
