2
50
493530742
722711849
922307578
96622359
13837984
32985681
53931126
974387837
139631824
278707405
859188291
814538430
767405378
348574966
857239353
341297814
888226528
517907386
626206668
277129578
483397352
445716105
645500193
555009336
411490118
563706002
610641670
237188509
923716016
328275309
384287654
629132679
466402538
586267985
551068797
941239082
655470572
208975293
182660083
102017199
798970431
55570269
550236911
133131979
993507633
381772019
359108393
253616531
494173374
849856820
