2
50
429536769
72236772
433424904
545873832
970102085
646122025
785260140
421724297
134841005
947005577
541040279
833076210
859778564
130871097
184980357
434618703
281289791
714513767
140003489
745665862
799164471
484537266
475876092
421274226
613973177
837082976
195679022
69765127
967157074
137713897
404832314
180113240
345053156
795060158
738171922
952825116
920204295
115126988
773084261
440933284
220672034
296368023
28525497
446080152
99955450
822239461
462921287
639179143
304391997
665910055
