10
100
552154514
488380762
975268545
157492313
883013605
495593214
714546842
751481161
384402150
584846124
425898053
583680627
492448865
554259931
998298743
184435062
48235929
880367731
287732225
667139855
673238365
198981165
70758582
994809977
105541219
996760147
633002196
310796381
105858414
627959684
411323004
399973987
580641218
466134028
227287873
627066337
490866270
47926337
747794252
231175689
552252970
493639346
146480635
700194451
11566725
191234309
575863714
67209172
705913258
640821907
667955107
858870303
51040083
616478627
142550463
643754094
840724780
631253149
791064811
664201330
305945862
754195437
965874986
878831432
603513021
791730190
634474944
696947747
277170344
101065575
365307847
909256439
98350692
138628951
814735849
843986964
457745685
407834835
271661358
593114606
980679258
827916202
46626408
221034721
277163604
562483811
91387285
572741642
251704102
207830414
799953024
475468726
709473864
335674561
692622825
152427295
713004379
218880076
718833170
949722093
