10
100
557754035
338700222
804328910
432859020
6048071
579813928
92119404
183938014
460291839
570030466
907076947
455887174
117496503
524351210
499366594
820594915
327180415
983716711
464547112
447887792
785225920
631249493
222498787
156840147
28036175
891210870
516302775
550346764
424960506
861003452
221065484
734414366
457473108
393366830
247810427
445119484
651186574
498922561
120586548
14882120
569475236
711944613
413523022
279287167
571489028
345889059
922485647
800402496
416081656
617357179
794504833
725653853
751379804
150481059
673565364
331204520
504229373
491742139
51540242
373017111
101203488
274885665
598504684
599615275
461200946
590341532
530563280
495932965
107375975
892318244
710899737
871819128
916445896
485714143
114284324
312134672
653856441
348358627
642709477
991213839
338278819
989159986
491548851
189039356
441226661
723852814
684039215
728131592
441620021
337995759
990544408
383874080
942455309
29795762
778861277
781466676
86030506
860631139
178916352
422505196
