10
100
593553368
691539136
670835630
106973454
638656269
64354394
529335563
646240394
987123766
661185009
578174272
638846113
996279481
406761774
858456935
612773292
12038095
856040524
689718627
238771067
292438505
774107746
400626900
396129683
846902509
208931086
125511643
144409796
647819791
180724401
688357939
260728693
276505087
637752295
490851596
593726254
282272815
378142684
812961809
485781283
556703414
898664166
535044021
55800599
632641169
259096187
668600497
571467968
52318172
695222390
803623817
879829917
766445501
981284650
946957619
850062816
525187137
626389815
710448374
520376896
538239572
492959759
332881639
968262993
23618587
751662197
785344056
261240260
974304888
116115332
733103138
752992787
554577386
180934110
458498623
316113132
330708726
697846510
625320099
85087283
99927608
597831962
179076928
704039443
80024933
930133197
916991361
243632298
989402988
309297555
262696572
301717528
431534830
78593339
252898787
250640092
857800997
567208362
932854180
869276783
