10
100
306556891
440945759
951452137
76319747
811460056
638037178
776170742
946835774
577427183
68493470
801929484
872835468
503584029
123343868
445960245
702709468
306386393
870206023
751264729
878365842
399140475
474999093
317434005
38250908
958924783
256636576
364726175
778726470
54786125
933739916
378222920
145078815
759634760
717246916
682309910
648676961
931186202
422653050
757088365
760733185
657980816
109343748
181316942
828415816
832410558
26026691
465964932
513757825
465770818
464251151
131007178
5230855
31189798
100606001
216963454
355572417
475491020
4308434
376279581
479579126
135116466
500005575
87401827
916903203
175608376
396831912
654876757
216018742
875944475
822381176
875575051
303760549
243731739
897123851
757950838
931754975
716766096
992202477
815656450
552354856
664078889
673721197
541575008
849579520
797572310
117595899
862860794
9574493
967217347
994460327
516585994
161111519
804666433
895501570
580438401
335207944
432964508
896969073
414257622
878291268
