10
100
220373839
357310069
354837833
133084947
115867407
216801034
737295758
401952884
617832139
224036815
931569766
405044151
549264954
642316882
194224921
543412765
273070570
987201582
68380536
359034390
192603360
397414317
130283272
836157913
224753528
56640800
996791975
209729006
764282709
366045496
578416652
943555108
1020069
846499187
846833127
794537448
433970505
536128485
874870230
335979842
809046951
390773055
606337369
920814645
829699512
58051894
227182713
606550116
800480157
880684707
530097979
491509343
513832448
535563250
608467967
147326284
117101202
970999619
43156378
571898420
183472016
68124434
367222043
851981693
162145399
789842310
409677307
9988693
386070802
966559703
690947097
890008379
117141578
60269409
338631897
465249695
818560372
24492813
362227508
107473908
938311696
513109055
143062940
69669798
806517448
602312057
261648257
318629995
703921773
700921358
968791467
650776515
403027327
136259490
898565745
162808857
924094367
159886776
992883744
663866023
