10
100
807519735
816262894
857302180
243602976
564153346
96954611
144815770
923808568
524739378
463519103
208264783
298433350
683273925
603680797
87609544
99606300
464952199
432158815
857815422
743132806
61823342
412416555
112000332
133536716
749621219
987361055
408341637
503678913
768666004
66097505
528507261
476020508
386226626
138509976
388854025
254440537
894525319
531142398
452215670
869201463
413889955
226552848
38648905
799380068
107187939
61954014
839920673
994980837
745212496
26881062
909562969
682546098
595444017
524758721
313673905
414528628
227788249
552556281
151082541
775375365
940717906
242916519
665160242
106071714
817822195
669811096
581757960
469283761
545887070
944597300
160768815
233698472
556252674
15071800
559099557
97717241
436374776
821124532
317723182
176478076
140558850
292896972
207047544
430722941
158340857
733944484
482460269
446401656
235152550
709457119
703889034
933929472
50474920
757078685
247045102
957058646
775778679
740803300
268769488
366213120
