10
100
945878890
909915922
304616420
687847615
394014476
638428078
556282531
921532076
477971102
974531981
295376339
299882903
405443568
137818880
632835248
584307606
52855057
920519497
382484356
89943543
405020869
148927063
719310709
781705479
539032187
248501896
467012958
476951813
987577592
501472643
217838621
939051539
737649198
768436078
59387334
937473993
444221069
85541619
477806176
211403301
369431750
438795146
395922123
213858786
123229033
516930132
941896678
343772173
987240345
594563313
158836281
630667518
475128690
807464905
866124950
636705671
574050611
75237534
727164772
926673002
255971153
32493666
667626355
353305869
566771974
853363682
790308866
990199179
281375528
982364420
342304413
186931036
858383490
160281252
55288897
130707551
877710784
756939458
214127230
455764762
901610367
168562137
457080119
323587666
266277679
237949037
638537938
63370391
609449972
655203666
145294557
443784252
247666592
315054287
989524709
734170802
188081756
412788295
543183381
390813791
