10
100
719937694
354158566
429539571
608134787
834119155
987289080
458038473
942953439
861429413
399273448
935459541
402017475
372855334
199767342
775299881
126160410
752937926
271092779
659375107
343930988
979441419
963407187
371937716
309639127
955636683
61486427
558312579
375681254
397881751
694991760
597119018
378687994
710094786
201162955
982807246
730063874
806242069
719310470
393458753
34195687
710522283
222768417
981191370
575819765
598764420
165066508
179786514
581997159
261956956
991386011
354840286
173361088
483151770
206673035
771456611
652571349
445254602
517596783
464258773
627775501
464402172
37301462
876665634
32306365
44141472
316417211
361710996
73728519
356447081
869404860
510598569
103544209
139923582
379502846
937396015
844128454
138892115
479081712
532202313
397089360
990089117
241750729
464300197
58656308
890575255
587321740
271657909
379657788
209190787
576385780
671464449
495943071
149058682
840979079
61352403
213101698
530520717
10930407
625655803
476550973
