10
100
624444250
539767542
187868067
261330945
903598216
854430985
255820382
461224771
307121142
381819423
106845605
948332847
523041170
94281895
838290140
151958756
953415419
7358749
704657415
673719910
810131704
133861389
343985479
720366077
496580197
528396318
816105814
903045092
627252987
619591769
985280805
446956549
421421779
56484331
406910033
796485372
938777234
869450121
724452929
783787540
863361715
916549223
301792626
568912822
475184470
418536243
788893624
956574591
646540686
747168983
700379574
341741785
420335430
938731628
604247724
580942949
759022407
595737285
524721036
658125082
160545322
835559611
107991732
377528576
478152718
643581078
197520178
634364239
157827333
654622804
906049665
916700471
474920137
818411638
125317563
212247967
671824316
491308052
550052218
393868381
620003770
847023606
683811563
530003997
694994660
380503490
979932394
966381074
645208009
948779445
830409389
138320766
411172710
513220080
740751725
213505937
908048010
826948071
283224678
758896444
