10
100
920689802
922779333
650683650
396992643
474747824
871071943
33800879
825841588
968347602
460256752
752070563
118636254
64431308
470183554
525224034
952706691
505723385
371034701
823718614
637486920
740434283
394410066
662179913
618524959
788653036
548325453
873468629
961271911
170099260
799346660
933198799
304667371
681664830
333147377
959980896
66550179
374749155
546691694
926089490
820657335
555893367
769406687
778627100
692249372
924173661
438870549
5925948
279203242
44009786
276946141
99663234
101898216
317474920
251050121
930399503
809318923
934026133
1060628
391454470
448689372
771368190
817430618
998152080
631838154
110684637
403041794
453465897
325964185
197476432
319611688
826775118
725156604
695443790
371258975
674095179
109382560
70447648
127920015
835178417
240090627
85121000
840834591
33761226
191755843
102859136
42951564
678866927
680863215
723519058
810423548
886313297
281060381
420570464
92796683
773052801
129637208
653637491
438607664
8166466
95598573
