10
100
844928870
414958557
240068079
707315854
619259202
189963458
849956747
513668271
570461965
962313153
165779819
682118176
164192192
827381192
741248769
324088985
516207936
395405618
714592830
607469848
145248263
771499528
706240731
304810395
321663912
888932094
442283519
394936903
882003198
211284099
422876746
673537389
276049998
805129066
565443021
318175547
165754988
733706318
943964110
814928977
581533718
467214597
221313201
451339631
464442736
746825185
399735533
144907859
41249640
610925651
418544771
551263683
485647286
535982214
865895182
906175907
757094826
234725328
382748668
609543078
119518932
761180228
347396517
799156559
335031290
742270592
225181379
78618639
321435198
290284927
477841326
712407100
951072054
542344025
900070636
757332957
795878031
806012886
329651158
144245188
441975351
2430072
994741716
306638002
389741118
398981262
398806315
606973002
425021315
958015103
8838434
691762624
665765104
769086344
253744721
916256175
953365324
838496771
681051752
784136898
