5
200
33144636
353916803
332628145
235753879
222450898
993826104
505522041
550732705
663666756
1622329
621805515
760923854
431502352
314475498
587869811
154126039
392317114
686970333
805023696
299380659
366326642
190231963
736267536
715696596
26693089
214920774
195779549
297319512
539054888
491097461
866558104
765981034
606528090
245554660
661182533
293902868
151072883
31702325
84834250
724688145
285326762
598577273
483761397
308972923
225794770
715019283
833259766
863931478
136633481
264991041
356521671
318360041
898673961
964593410
799173100
162107198
398172099
338309201
644103966
581088689
964570163
540447410
185047866
412265950
26627961
162787632
161102332
687996766
204800846
582175890
179509006
890524958
877826483
18291774
220514295
533719226
672353043
425807706
621744102
894034231
5514344
887824356
485721565
606551770
387613165
584092702
556567312
598278250
941023332
612414397
587942935
962988060
847742364
21721315
559238531
656681721
359541828
458795925
405814348
930822827
46151085
372053369
359274275
398292994
129285180
351305622
247802576
136726765
900923802
148380870
400905240
152032299
192187715
644197873
188881989
725690817
883979231
920693229
187658372
666913534
386928382
733317516
848683200
181257095
148593608
316138686
734201877
395544921
240869330
293863796
811745542
34536918
788466607
842033725
477564628
859109351
656318978
51158952
845345145
678079585
131606327
43090637
228629142
113156719
187893001
896793766
823366030
332518366
919779814
707817558
26295963
930449890
741391806
871833492
63142090
459310531
816150581
95361522
678223092
635882931
128586173
232886655
520158008
819357851
589533947
813002221
782462207
904825519
456674214
830015808
950712235
729669606
593697222
730738780
777153600
119187797
261604494
941434032
497028350
401589760
996555830
343040085
22195158
70284954
788898802
721633086
846431904
936008961
537747992
633959067
247084500
899193003
519365731
89256365
781714286
741785559
7056963
875870022
789526562
206639210
