5
200
378788379
293275655
97240260
109893379
50067681
289956536
276991178
456421501
327456846
361499746
379478326
113163717
334260137
43051349
737782097
728549922
280756507
994296960
813313736
474174526
76652518
484291465
851659933
73701763
75155635
667673896
71387708
125265827
172310656
974444877
239809514
157705577
733461656
384061567
455320131
530053892
147716510
453152381
384819080
560855385
438372259
230651205
682629130
81258427
524700648
4720138
869711747
841991537
437765330
395956660
989680603
845148443
805277620
532373150
992085609
539060632
914019673
312501510
804290545
542257973
834152578
585135152
531312139
401392676
841428286
837008178
298942629
342046368
650851
158847176
670183085
206774307
87676568
606499696
577249061
380232538
406634052
499970675
955419187
359070931
597370912
599735198
891728504
377225864
808899466
239661471
33161277
315169615
571176249
374247413
744277668
491509627
1696036
185493266
950088335
197807959
792904797
597499648
617762499
149464274
333822326
164948247
511235621
290182412
457522616
66007997
704043117
446818796
542712607
664605556
791445323
736701542
657131504
400190816
283230547
823564843
149730192
802817028
558084391
515116643
61535765
78426894
120369481
946770389
977621338
485783926
60339978
292869635
325256673
641202501
768558972
744741398
537178178
293639369
67382537
935645994
110314596
106463194
936639758
552748259
903972955
178976928
771610944
608279484
646498016
334216425
333754076
879217482
841876522
961038865
299519548
3543100
766488140
631432539
945173274
597476400
191003916
202075620
85999884
76470501
549410053
868311486
948263550
495096168
540585396
563375705
759200024
261924235
903783888
394353966
74229273
489009403
436932319
677436798
672533094
544778737
668804578
825802286
275629602
428619101
727597632
723272873
849768054
802289079
766715538
928295419
587072586
171975049
971535254
303958763
981140751
886291536
905078521
413454459
59939290
690657496
239821862
849127979
376702255
23419529
