5
200
374563027
650806570
160935354
566788326
395596856
915883465
828441668
767966288
216935045
221142925
902590489
912084766
564108214
52063279
630170523
430587315
269767288
324681818
699947608
464301747
710766220
407822542
288638624
494292514
803090660
441008642
81502263
154903385
759106741
935409326
562856159
541779335
42777160
84026396
708483846
910056230
801607900
11026051
509008038
869738502
337131940
156695302
165498592
837229359
46653458
877607825
968139402
206486225
535842179
965075860
576079536
33135426
846138760
193540437
38598579
251029527
734228215
735191244
654335943
722434076
194345993
339978080
990931977
233642327
2974789
410700108
67833595
100773440
691194539
94584403
508568564
867679215
146262460
170025006
351258568
985790414
752602678
529493560
708049540
626437530
967057456
979809393
94428286
843642821
627794931
775793181
551536513
305980959
272061693
723349007
809339165
664564496
101166671
960450852
360181698
830117728
909719191
442190122
365744063
644024658
84021401
484017547
338633046
658753143
289980711
283863766
392607011
117903858
508026804
505055667
281273615
47453188
699691828
399676779
563217804
416595091
201629034
380294847
112377215
339913493
150178807
646360710
778796974
871939717
852916640
617319421
379990115
492631258
24290163
601205414
539215912
944734232
652340099
807484878
774611185
495210138
278736063
839550157
854125145
375045773
691178386
579197942
147747443
222683344
407634554
582629712
615776611
6405504
76890177
50198741
741422889
86149980
924229338
346839104
872106484
659368535
469759460
53167697
932750536
979357754
811278535
796053089
537516273
85226072
122606708
379920440
397560708
68542331
946851691
452541871
681252211
16499030
140223710
128730508
607164952
65901688
982306287
62732668
63593027
871281912
657800608
67458639
507962839
890683677
463667050
698772839
426128560
826034110
552335015
95188495
865376375
474593946
10251978
462901393
294736766
913748399
164242594
172936310
440151808
718360174
