5
200
181726785
233471177
698668112
800681889
183786089
432132090
189533828
200564494
646501946
861251574
684731937
441779673
419194628
904554093
188843771
510436730
936014256
522719277
75547620
637688065
49057084
835340047
693771942
629571731
739074680
637189821
835930797
988537032
525560826
575151587
991298011
754156222
382528689
559344767
407344909
102865193
322508071
238433191
324202955
188840703
129272416
803298286
722189713
618040600
767760843
827654779
540019199
794352193
689656151
871587523
459096278
840216775
806299327
672982483
244272414
979814648
292800998
511440490
175302362
443022863
672941688
546142058
725260877
104102884
686492155
732513978
315260905
625086795
927557328
530053573
448857041
919235218
834209688
114519508
93432095
388025038
284102586
241099346
902225257
621022828
372421332
201004231
919108445
675795012
319359193
348071320
674423408
495561243
655714284
977379668
931936712
710620652
153509699
216976593
420437875
188804162
555507248
567956208
411001689
905195942
186814765
457986873
803134205
166314522
626612882
968584100
356256730
137190929
900388594
145683874
835914209
932108803
933914214
92584477
11438765
529279642
742198178
302866945
449632342
32583688
801687564
569804894
601736864
876342944
703717680
747765680
150248163
857795802
819701174
850535489
634943711
814443931
373369299
834968960
970758280
706292918
840879335
393208443
234757986
415677023
823682169
366853698
295499699
376884519
130735285
447035010
835197665
199027743
312226607
304376437
666806453
455477510
669598756
961062082
760953117
276569092
847702659
440132963
541903971
447664203
520900396
480547702
915431909
271668677
738884403
288481921
512128855
560357298
259156045
849968873
862167735
336690111
388092416
354574950
796852804
65532984
780480729
963295193
964781835
498765200
183238380
842548141
859744958
141005023
918855240
498940189
936251484
260777155
715536936
548973399
753822426
428517440
95597569
328123325
779514572
691183621
177642015
344478063
987606946
787688421
