5
200
467925150
390480252
822039542
550963654
906890950
847176435
358172924
608856736
895538275
268500912
650416016
209263881
295126215
984654814
912310227
966585228
456729621
161607067
609714424
281294781
957640575
443879266
453161956
746063319
680206006
977496529
399896073
858934441
171295537
218127905
830541634
167374408
722994846
982533886
842679382
392579598
623166895
545288508
815129373
384796920
4312847
586201293
252026308
231129581
68047668
45931024
62878273
783910454
799959545
503152310
273916999
948126817
604098274
159223540
426920771
563765113
39208392
134394086
207538129
558364573
423983722
91117086
958615898
164836041
955643609
672802671
402918414
363360346
89107168
728832634
772593362
338597226
629828518
517721894
382639378
667465446
124981263
217884916
581104771
486213972
644936861
972708495
794364484
994498138
641651835
566670753
169366297
145060203
144802482
863451882
755526308
192209368
451337215
905498008
31248728
734849664
893061345
910056376
838248834
696606010
831260894
479389136
709041566
540431039
406662686
800211828
352907929
516585716
315724885
627093729
164499184
404875527
812480681
864889357
589601294
988232339
66262252
814692585
225618796
270358153
799088225
650235542
409886738
81118168
903828821
247556905
415176858
119795983
130593518
933541135
150835218
597755086
381375327
6214465
942035659
239676960
964414446
749300724
663575269
436287090
157221122
163655642
775682375
21885016
38036896
7314335
884583590
823047418
42699549
865285191
42343347
969021251
402296158
962332238
871430536
234950785
786109887
389337615
249043388
7508345
576149944
975921975
164444978
941623013
665548428
610690968
893934021
967373953
114068690
975458175
128448925
575060505
627265057
872251984
635564073
665688539
551549045
239579358
319045574
654451439
746336112
663229723
623411821
143845791
905739488
49305286
212281882
562373156
316660547
680959057
260235842
675772031
470321522
971019106
473992626
914277433
465420347
540019841
2009841
472685946
