5
200
196478720
914779457
590675849
9289474
679637385
253459542
103447019
888942554
567399625
797229690
973936083
690509332
83981104
245467098
189213993
436439483
478662695
268751586
384368500
414246262
529279302
610224688
665665132
706789244
609618098
259306681
920361428
451131683
143344372
168718493
801370396
535286166
847796854
6684036
178681539
630779570
767564949
661626414
22031081
257802309
802689304
308531507
187106860
860672292
585229291
69104830
472712167
79583829
613577837
638199288
280690747
987258278
899171770
167804994
744661402
593435452
462001334
853251094
375592754
353627736
127370133
564853115
154654581
365086779
643963389
552353233
311082586
728090108
696154151
432698496
183056351
740476132
45308479
872661559
835700041
348199995
291374804
177905236
377688226
557722635
203704259
381618857
83780142
347738249
449132827
965299899
919467875
558757179
522679400
543808133
862710430
326543851
182460465
371746058
515276405
572593649
841085548
452653965
998354572
688700500
262082208
365516387
943800221
918476388
105217917
927884369
397828694
539021875
285958129
588266298
495838573
654529332
772399299
338127475
156670334
900211662
304114704
256745370
263302817
103118545
48442543
325197488
366940304
422323787
706488302
737697262
104499084
930846327
804456785
623321034
890899282
635371415
727747185
134635954
220630544
894748714
276806208
48153885
202975841
457230593
160572104
352509940
823616100
149345742
125578395
699547318
637197160
243381843
816620826
929375293
916805083
151530021
552768208
512441661
855992070
503039628
152557323
827394215
773038773
557679335
167513259
245734916
116850210
852582305
55842786
291359806
391997007
808592117
941899330
809641428
883458709
362974410
266991203
696006011
846050087
697391490
763605563
348054051
72196002
838903121
947930491
808446306
880350963
169496541
17525597
417370626
102156965
796383105
577171663
324523690
76996759
186905076
490081300
68416306
939552140
259423040
92697423
158875291
370391370
157134857
