5
200
303393949
47160146
707140411
645361792
132375311
690674198
360911132
783899226
248078907
808311267
98268686
157553391
959980235
823754607
124736153
689147078
689485951
109762901
873086474
342221189
451330257
794916671
557010817
941017376
955585335
18261321
603026817
787771529
652151176
246108625
965368741
587643560
990380735
254012395
654087353
826945848
100358028
337903247
48516803
80232623
324223212
985674215
612476403
203882833
274561778
831083111
837861246
786546408
652525959
690874405
125622746
817478474
745655842
771189017
6084878
658744406
737866072
796953175
601727544
757848784
570670070
616852317
368540860
546496734
582301686
339176058
188864664
561419550
49323483
526005504
45896304
883608090
926651919
944444273
983692551
547852545
518727830
131710983
294097203
935948803
841336618
843193655
105036468
194288268
559374762
164244845
713931479
482834111
956316385
994509018
87393739
416825425
397580585
33822456
996179796
153570984
457451691
320783060
192362496
434971757
698518485
138919255
231659679
452381718
592988506
480333627
512715
687030352
308579796
847829204
957344649
711047427
150995941
259920803
855664943
751739187
617513970
693280327
749094311
877247320
451512537
613086989
269545954
644875025
945894082
851461828
766082219
864077498
627117465
483645634
532398643
225951773
114059700
601954810
890459367
908912492
31041301
868510250
151280376
379337162
240582536
245758391
708121625
214694142
252920489
260985037
271085063
339511207
195800130
676220481
530860682
758938889
47872612
117885513
379218101
304304332
153564537
707274945
281409267
689240768
561932164
767554003
415059558
370112723
58021930
384103566
814063400
633102794
835310783
680268571
503832124
532583824
823012238
5527554
522062036
591164992
712944568
331814341
737585919
981028817
494296730
143184687
413628254
761127762
594271048
421028263
305825316
161980751
236799140
994272737
65270108
686267149
765174494
830108124
203371462
223143454
90755102
705727212
449917725
17635678
