5
200
772927573
830184428
922956688
407643680
122259239
320522532
891287989
300566869
126851611
610083288
575578650
827372366
641892171
82203322
575838802
421883411
920184645
852497670
966176885
207723993
807518058
799168025
37526000
862054432
890929592
627630695
301648315
494550789
914910590
723320583
347290522
702097334
560019961
366409043
863415594
454274456
242859742
525923335
804538876
462677229
185113409
783633010
104328152
354894454
758858109
995556157
691516064
294521393
872767361
424308183
88007294
782527201
244491797
417391140
928357566
100767519
916545732
85154796
523190857
932604040
847082757
384864570
517339682
138825417
106783591
931351835
791414698
55440862
865777677
321913738
910535655
398292099
596808090
954741721
960316224
781265804
302018321
43758861
94841525
220766249
24923328
856422700
955625235
663115457
535394581
197829350
740929741
535747600
585534324
478527275
434373318
287891554
83518034
177447952
207563087
242598665
224055219
653805743
555438342
731561553
17831548
332540852
680659381
901452521
659153105
226939910
980963652
875209157
529736903
158257588
623842523
574793354
811541258
878399842
797049479
301550220
279931547
967242955
162751287
951327691
843814598
816418254
636594487
292272188
999234229
589135097
752359754
593356509
789172751
631707113
481067036
226044506
522530328
943339447
852566422
333503612
147145328
809614289
942852232
263302232
92995961
225308808
622484629
31734030
156428717
352617320
409907112
95632235
828480804
481668122
8385457
198754895
328011998
713714030
181758314
645647815
809043791
781073132
482419214
489260568
143288097
142840976
36160792
632543905
601983396
849928855
911189987
935970175
359967198
471995686
291887355
934558595
830730319
485043392
962463710
987286857
196620596
552945206
214031390
363563395
537160935
933466067
880643375
58644985
520631642
809580201
871075840
203768380
637025615
373897739
90802917
687659360
818586671
183914614
940960760
395033732
417270086
49377457
304434249
202816202
