5
200
3850038
602129920
180910533
641969548
620909189
540365872
498554645
279206275
897705807
160055307
883340516
221984282
445920970
969438650
701907039
429000419
308728118
808723380
75799621
339973637
408297429
604699150
754772373
157559472
545401086
433598193
36085687
952645389
164803415
983227846
215238629
589522177
263134860
746517231
98311424
724313982
125798027
719556213
327814560
825390909
32374167
896658890
155841814
938611479
562282164
877585441
302651879
92368067
841118087
517152272
541544134
45342995
31936407
700510172
680748675
309802022
940644106
308694488
425418316
614023124
881419568
956812599
167133314
866225339
680909368
406424589
168659748
405251289
361407159
781380759
238369342
517589996
664298067
416419156
840248594
599383619
334761008
772505267
900604957
501229057
7052678
99421133
297064664
559120367
377302828
26891377
422701628
397333178
886212581
157721944
748604376
626720949
396811359
836759576
868289767
330479618
42393223
918773788
377909152
743579094
318305641
486245902
942104332
791653340
292867449
498304456
149516421
319868255
200428151
306805982
107490431
772940281
738547604
949635581
161936624
380647548
583165185
325514992
296754806
619910392
138243330
731193969
648939696
392156545
833903899
725325382
559235812
806367055
948950944
869374133
971421987
111686321
711642444
424261501
403764239
895999265
554313781
258971860
303701657
426888804
683805369
975612675
855579570
516925246
722092096
504437862
410347594
199920049
301987895
434755818
326471785
593366773
95704816
748415474
911812374
531093647
176465666
198590667
889478334
130176971
534708322
810395743
351860812
533756354
838384415
604626649
782301755
823045078
884444111
825319394
749064423
38740544
322752339
878244568
376432537
431665941
825087665
170144444
308294376
187149947
994007170
926731974
546708678
400371027
983099844
279677309
810174642
706605876
394178554
990549870
77437756
721800928
599006787
380960665
315344118
741806020
859155370
676865352
856908034
405055488
