5
200
441233544
748684221
294155063
95677084
508335466
531010526
83539391
969827035
147113673
603424519
875429607
886141898
764008862
34857124
84704342
952353875
738958415
112994402
321211903
19120781
854282743
552378419
678056852
892900242
27877890
88981234
250000279
636251133
711312415
449629771
955725754
153773764
737218988
445354412
187803752
778131274
892614333
446091121
184457369
833358687
867564572
129460315
462870365
811756290
910805818
867977060
142713163
772319773
379158273
602623432
384538406
79375520
17250509
21335731
531019986
839416280
625862511
976097581
358407301
732210800
324926695
70578613
196912816
706788178
443763283
224776510
639487603
403757035
402890188
147964739
122042568
1462344
998202676
730352518
441394145
8102447
469751799
829953329
808111040
566910257
177778470
594511672
452731732
780752683
268702247
452344402
646573818
45169179
59427324
965533641
58612985
516901224
542904891
511612171
70293003
415788485
693671584
312769606
417749118
57462450
378699713
970160078
851152912
820449085
294690593
664592886
126559620
275689460
441715732
938934881
314793483
627949557
23509070
100720609
306407700
460884201
591784267
657934275
550726966
711324323
305457264
604933610
412066820
900858824
688647197
487270136
644283739
321650306
48646037
456738134
930129902
198900314
800330611
760388138
792987915
163619572
816712516
720730762
553062568
525070022
520447474
159166868
438953622
770712100
40422019
523447015
921255783
447372720
903508503
861597248
921708429
346599457
51283999
426192323
441034403
368338885
593929568
309026548
712838372
858900100
649147897
788093606
152495709
217441367
886621689
249426407
154833347
899073374
38144584
239119650
295605012
696298023
617933063
904594038
114924296
113447316
615869079
455691153
388094828
429024071
91235437
697968744
577193512
550406888
264253830
606634215
809838431
647518788
133648650
955800482
412879564
646692562
735815681
338318941
712329125
484245108
847924210
644846580
18299871
42511080
