5
200
475856524
971905295
852298009
854583405
123994130
484109767
252630808
269039800
314840400
747147651
316303409
151676999
132176785
996861828
361032275
711157610
810588526
337845057
529024913
68608742
796941803
792474482
767394664
778611632
597024873
879200818
86303784
657130991
891841449
180810858
202296163
59385871
770877941
105117277
366916281
540612877
469347286
244163363
478245092
750881650
600466964
35694993
896998784
472241346
664756281
861171747
500624293
169293444
442051913
948404281
384207776
288193429
219450059
192823723
486694134
935995755
246162852
279867880
3495474
40462701
153015630
708193616
298259572
831929659
341174231
823613390
380845767
400564939
342479909
283268475
924419245
277795670
203119330
142280322
995315226
135628292
242413015
348037939
573296248
382908731
646111713
342405300
130172165
40485610
821746396
140440350
892294833
80846473
261527374
812365469
392824212
383379399
73092665
942257044
610201765
226711213
214025750
743627054
707144613
59992026
422636535
736069588
133298150
748498647
16097791
785275014
858478194
133415755
72660495
720123260
516533709
714945865
220525496
920644068
121558657
426739380
797467055
658049357
111243712
628532866
812897352
377603789
199940798
662024802
960253696
710446322
772431889
21568053
661381155
120101911
570899369
26400978
900699509
618347773
403669727
282185108
449534066
755590822
467230398
237212837
527132989
67510188
276470591
652917055
295068632
626825305
523854061
717476896
334524263
659141708
525323166
233077294
460938687
327508221
12153654
693170087
578841474
724414664
79834066
185301875
930278131
61008305
50803195
687371751
418884396
19633276
935697576
164198688
72448463
930589334
705237505
233135743
484023858
912483125
3702679
774295920
759275877
70502148
250799339
148065129
468881766
558214184
414353836
122003620
43029160
837431536
627531896
663425387
231944451
104597998
733524265
154272779
175723545
112065427
415230898
258788987
892929019
449570378
986327019
967424608
