5
200
455173442
684510078
408023584
929760755
934960843
19651830
642800196
557740336
394043650
187335577
875944122
73175235
982302681
543457639
135334095
231149640
437777519
493336824
498662726
722839208
677698036
978476407
130527266
745896889
166824518
402349525
216878959
880451618
490023866
346152897
414227472
871490095
776671036
117310846
397611664
51421118
324234412
512716296
227772352
372919003
69193590
891380284
129053819
404460487
243355757
15306565
3897483
446626515
564511287
440451691
127021999
356859943
971300676
232376351
642915295
619821418
185248639
65201011
550491231
835060598
428894479
44887550
873303760
903772163
440285300
419785964
55340228
304856298
537075051
220574793
128104335
49265589
695248096
414478529
197095182
46627540
343713118
757936822
685497803
715632182
156581495
235161007
696886147
160489958
425987196
435482183
123649153
361748614
382052174
775899797
808234758
861066648
903878092
402695809
356535923
492479504
513756477
800560047
57867078
592851793
99224135
758582753
384108138
881390765
465705600
971936249
969209139
95503494
577620335
304048542
385164661
408293893
330689609
343715489
426197454
667956652
179074876
482515815
392553929
135225946
629406949
782252004
60203472
595296179
936814126
590897765
923930822
749132759
835962447
444258631
595086107
376355607
650903726
616228019
883678093
808212331
95667682
307530412
312427880
600910003
997955236
142089412
170494082
348059353
768092490
802200111
710207492
650185440
389508537
882684564
686750172
905777755
681785302
501966492
825023994
374617905
207047907
948561230
411810755
705094398
549241731
70847593
17937413
548262618
395825887
363494271
192575805
930976856
167566558
117848475
381180332
216618932
512885508
147696106
883199395
802712620
722547907
420859741
15779272
894626609
696710741
104969279
882305755
741465659
243342511
231412895
197752453
919343414
644581011
418232413
760824555
354156500
227120793
406146531
889585241
359064729
35496089
230543135
488017234
670745831
