5
200
650463260
145665557
339370565
27034419
593010760
38095535
80011258
634671635
653754960
895926017
13010581
587679876
369480240
432384234
265514259
355384131
581147489
271974405
967729813
982141695
558329279
244515074
994253815
871318714
862889956
153095343
768061401
915795913
902084919
538759101
902459669
883343374
720082086
488183016
547481762
703423963
355167855
102093168
9348087
941705298
337184711
847465582
92519137
245623179
944438558
847466072
163945013
638628817
5638671
317879828
900940790
198977205
54444138
565873572
970713402
446874920
717359042
794133578
107024898
174000800
75059516
149846163
663222984
516680703
493851282
337538112
155354334
470667389
78461954
916687287
215346222
744430642
642431939
453820286
289476077
507879191
164460496
33685133
553244494
9207601
848537486
780195299
521344171
455022767
958012930
138127549
897467189
665759621
428008859
415528374
132230389
708562502
131067303
229223179
299971395
949393071
298002549
152212411
971871046
137154724
327362922
609979158
293793644
783773086
41317276
513063130
984819688
235525990
166025579
391864465
191260118
641137996
744114284
332035399
407670902
765990716
298019623
627428580
897263494
305082847
333818013
469819742
241099083
201664897
216924854
678443556
335819255
536135003
695170579
541645502
860231300
285876775
936744725
558316108
238324103
432601543
727762314
872991442
408119181
763349027
857708786
159636371
160246628
454325265
279233934
426105434
46870475
394606154
245684780
784331862
57710080
629171762
938320948
801483050
624543996
565732346
191987200
136313233
259178103
847263007
838427553
47637409
544981552
673795509
144824007
455312342
197958963
881871178
557519616
653616428
949487784
891096782
73542227
204612163
77766072
622394843
705962319
925444169
920143124
14270549
33440714
182978591
710566789
976706020
926178655
562336122
763059570
417504035
46909338
269709514
157210594
592435428
373871507
770250988
501247284
643808783
758253782
535801844
801231580
665550248
