5
200
396750298
13335089
340592990
168065779
589070085
371619787
721171418
860336302
105236344
827999036
112087641
773881439
27201085
574082013
733123946
569335736
909757999
521989884
668620169
266503553
943664264
312350842
545379073
270391207
864481330
625894544
995549851
420119960
407316362
914115062
123779519
951198879
585996874
753381311
530606281
860253371
399597110
605520106
118025596
551540892
845480928
645061805
750423310
423128315
226305247
802040761
179180090
375210265
637387098
209350160
866098112
432965957
391676581
633251992
977415979
756853108
866176381
399060371
851899843
752065175
517972784
370208801
415141515
456441388
803892894
962625213
844053444
364640427
758066134
695239559
720097892
339283357
502969892
414618037
228451799
124752071
788880822
523741685
381711507
190280200
117005582
860469878
549970871
13421835
960107100
32863914
436249650
473704237
119717152
486315859
692345886
408234836
867556771
530961764
687527526
496718589
936926877
616856164
639614646
488661168
990144860
319572444
369521756
780629326
522681825
289645457
328755896
868800857
597536047
465698603
6133705
169341026
924296725
973974214
268361840
516628648
900968988
294107586
97130660
676733358
85215023
374107898
161791142
472060915
910599526
355886623
83506933
454729436
774634212
320299314
426378697
72303180
115868028
549655436
81817411
342111620
857283413
774020730
102964030
116130788
798731744
260126257
199320063
216174850
810427941
757534305
592409253
867277373
152781995
173016097
500634478
12965282
768744023
673663779
609758571
851759193
271274783
43713033
115309374
930495353
279278074
63892732
101108495
557407384
61320475
514429091
611974941
990296996
293754927
87766296
183682747
103620812
863135391
867342701
442619600
464114776
966700440
161419628
273425582
59340165
793128953
535162605
24733116
878273472
364000478
24675601
107719185
761553359
265816221
810078818
548628421
169756952
14688745
566191371
371660925
542271259
840252545
815370796
517089979
226622821
